-14450	-5614	-9440
-13338	-2136	-12718
-16739	-4145	-12303
-14948	-585	-10919
-13687	879	-7437
-13160	1191	-6003
-13282	893	-8847
-9463	551	-10243
-11836	-117	-11559
-9307	-2872	-13505
-8852	-3781	-14210
-7943	-4171	-14874
-9678	-4507	-15260
8041	-11742	-8934
-8048	-11719	-8990
-8150	-11694	-8854
-8019	-11749	-9194
-8108	-11743	-9078
-8003	-11767	-9051
-8079	-11636	-8908
-8037	-11718	-9037
-8047	-11761	-9040
-8080	-11786	-9000
-8187	-11798	-8948
-8088	-11689	-8951
-8086	-11805	-9055
-8113	-11760	-8977
-8063	-11705	-9012
-8011	-11734	-8975
-8217	-11802	-9074
-8265	-11851	-9089
-7947	-11770	-9087
-8059	-12101	-9268
-8187	-11816	-8973
-7666	-12196	-9885
-7108	-12903	-11176
-6109	-13181	-12150
-4457	-12833	-14266
-942	-12677	-14835
351	-9216	-14184
-1505	-6651	-11467
-36	-5692	-9648
-3616	-4178	-9444
-5994	-3168	-2502
-22842	-28398	-11111
-10694	-19397	-7336
-6045	-8071	-10473
-4180	-18671	-7748
-9518	-14204	-8798
-8759	-13569	-8499
-8155	-14398	-7217
-8792	-16128	-4619
-7901	-16849	-4669
-9683	-16878	-2577
-8918	-16304	-3204
-9377	-17212	-4130
-7001	-20062	-3117
-7663	-16750	-5389
-4971	-15535	-3884
-1439	-11845	-4750
-937	-9211	-3910
-3150	-9990	-3954
128	-14122	792
1413	-16136	4525
-3239	-13529	5894
-8333	-16682	832
-7825	-18162	-1051
-4505	-17578	2206
-4747	-16104	3303
-3184	-15769	3662
-1850	-16515	2709
-2074	-15638	847
-723	-14782	-780
140	-14753	-291
-4905	-13151	-5341
-8524	-18548	-4814
-8867	-16605	-9437
-10040	-16456	-7243
-7518	-15437	-5121
-8799	-13935	-7634
-9499	-12431	-5811
-8157	-11343	-6799
-7242	-11984	-2954
-8182	-11526	-4172
-8449	-11596	-3625
-8258	-11343	-7386
-9178	-12350	-8444
-7571	-11965	-9185
-11044	-10091	-11711
-11121	-10121	-9740
-10718	-11510	-13075
-11534	-9984	-12166
-11021	-10671	-9822
-10484	-11378	-9159
-8926	-13008	-7786
-7105	-13361	-6431
-7316	-14232	-6380
-6672	-13715	-434
-3854	-14187	1523
-4019	-14500	-861
-6022	-14236	609
-8032	-18077	-984
-10191	-17742	-2813
-12965	-20848	-7779
-15733	-20877	-7106
-2575	-19213	-4265
2767	-16388	-9386
-24734	-16348	-3322
-5119	-19127	161
-7343	-28476	4591
7851	-32768	12474
4200	-25579	7102
2523	-8396	2890
936	-3127	-115
-464	-13592	-408
2375	-17524	2843
1293	-16517	-1407
679	-15986	-3265
298	-16787	-2763
-2853	-17037	-2000
-219	-16021	-2286
-1629	-15281	-5188
-5058	-13043	-3063
-1795	-13375	294
-3154	-14046	581
-1295	-12080	478
-2077	-19772	901
-2304	-20298	1541
-2396	-18662	1161
-1960	-14804	-39
-2154	-13008	-291
-1798	-12137	217
-1695	-11604	537
-2611	-15821	871
-3217	-22245	1275
-3134	-20636	1845
-2985	-19845	1026
-4079	-17129	1275
-5079	-13554	254
-4578	-10469	-234
-3445	-10241	557
-3574	-15074	564
-3020	-19004	231
-2705	-20213	174
-3887	-21496	-831
-4102	-17893	-797
-3175	-14717	-1079
-4613	-12276	-1307
-4330	-12397	-1154
-4770	-14719	-199
-4257	-17930	-46
-3767	-19307	106
-3732	-19065	53
-3987	-16733	27
-3867	-14437	-124
-3870	-13372	-180
-4155	-14059	-851
-4534	-16405	-1572
-4484	-18052	-692
-4483	-18597	-161
-4130	-17760	-57
-3551	-15931	-185
-3652	-14911	-434
-3169	-14564	-93
-3240	-15673	156
-3542	-17241	486
-3865	-17924	347
-4122	-17781	-205
-3868	-16662	-571
-3572	-15398	-582
-3268	-15042	-83
-3559	-15430	217
-3469	-16565	584
-3660	-17421	431
-3983	-17427	388
-3767	-16930	-15
-3793	-15825	-522
-3787	-15335	-248
-3570	-15605	42
-3661	-16212	311
-3695	-16736	396
-3645	-16947	356
-3775	-16597	85
-3828	-16244	-384
-3873	-16075	-284
-4014	-16051	-80
-3731	-16048	166
-3682	-16228	247
-3847	-16521	117
-4040	-16667	-111
-4229	-16697	-372
-4291	-16668	27
-4301	-16209	118
-3768	-15923	309
-3700	-15888	354
-4046	-16228	356
-4054	-16572	430
-3871	-16715	206
-3850	-16545	272
-3663	-16199	-2
-3538	-16126	286
-3791	-16231	306
-3780	-16247	268
-3898	-16213	336
-3935	-16221	327
-3915	-16441	420
-3877	-16491	275
-3875	-16484	212
-3777	-16308	68
-3716	-16391	138
-3665	-16362	148
-3688	-16238	251
-3762	-16193	366
-3797	-16090	271
-3745	-16182	371
-3964	-16272	184
-3936	-16375	29
-3964	-16529	91
-3983	-16420	125
-3991	-16368	180
-3980	-16274	181
-4056	-16235	199
-3845	-16154	12
-3687	-16313	101
-3718	-16229	140
-3728	-16328	159
-3697	-16361	295
-3866	-16568	212
-3928	-16484	15
-4000	-16310	42
-3600	-16132	219
-3682	-16210	184
-3700	-16422	238
-3831	-16658	268
-3765	-16565	256
-3779	-16374	72
-3825	-16206	131
-3849	-16093	160
-3769	-16207	163
-3655	-16419	247
-3714	-16587	215
-3619	-16546	47
-3714	-16452	86
-3724	-16324	202
-3708	-16268	251
-3598	-16239	366
-3640	-16202	284
-3618	-16298	84
-3634	-16272	61
-3749	-16353	155
-3835	-16332	214
-3825	-16471	216
-3863	-16473	74
-4001	-16477	48
-4105	-16218	-4
-4016	-16192	174
-3836	-16158	270
-3874	-16263	263
-4086	-16146	163
-4035	-16135	204
-3786	-16113	213
-3741	-16200	251
-3967	-16558	-34
-4133	-16486	78
-4096	-16607	157
-4277	-16455	319
-4367	-16425	219
-4252	-16079	29
-4084	-16007	262
-3882	-15891	378
-3851	-16127	284
-3847	-16355	160
-3927	-16584	127
-4198	-16626	189
-4207	-16546	143
-4305	-16435	355
-4183	-15946	297
-3729	-15868	90
-3637	-15923	293
-3746	-16131	264
-3826	-16210	488
-3887	-16592	377
-4136	-16474	344
-4193	-16209	268
-4082	-16142	176
-3869	-16153	286
-3963	-16270	192
-3961	-16266	304
-4129	-16240	271
-4227	-16305	130
-4133	-16434	301
-4116	-16419	322
-3947	-16307	339
-4003	-16072	260
-4159	-16121	267
-4092	-16174	205
-3998	-16375	347
-3786	-16409	347
-3939	-16425	404
-3959	-16326	181
-4091	-16235	260
-4222	-16116	255
-4229	-16198	233
-4141	-16312	243
-4157	-16416	271
-4142	-16414	318
-3964	-16086	297
-3701	-15827	185
-3701	-15885	319
-3677	-16163	442
-3758	-16506	554
-4092	-16623	265
-4432	-16434	204
-4467	-16139	130
-4229	-16056	513
-4125	-16152	629
-4005	-16268	446
-3839	-16402	341
-4037	-16433	395
-4099	-16418	383
-3860	-16258	483
-3760	-16086	486
-3848	-16121	451
-3816	-16399	559
-3704	-16531	438
-3638	-16617	511
-3796	-16907	676
-3686	-18191	1004
-2640	-19543	1138
-2411	-19577	1478
-1292	-17914	2459
-569	-13386	-632
2357	-15192	-1146
870	-16031	1148
-335	-16384	733
968	-18035	892
225	-17204	266
-955	-19160	722
-2761	-16020	-201
-607	-15267	-502
-1163	-14040	-718
-1220	-15874	397
-790	-14877	-1109
-3480	-15706	-276
-2073	-12064	2413
-3440	-14839	-148
65	-16940	-2154
-1821	-18709	-1119
-4004	-21738	2920
-3559	-22421	1282
-873	-20046	285
674	-16462	1348
-1979	-12307	1792
-1988	-12119	2149
-2521	-14297	1527
-2949	-16703	1859
-2742	-19185	2656
-2427	-20379	1895
-2738	-18917	1336
-1598	-17760	746
-2036	-16463	1679
-1637	-15196	2429
-4364	-14980	1681
-5303	-15751	2673
-6713	-14792	1987
-7700	-15368	1877
-6722	-14712	1356
-8242	-13501	677
-7660	-12391	1144
-9597	-12419	2574
-9777	-12506	2484
-8511	-13095	2220
-9357	-13960	2272
-8657	-14893	2128
-8101	-16770	1605
-6789	-17395	962
-7956	-16885	193
-4547	-15202	1849
-4722	-14403	2949
-4427	-14552	2983
-4582	-14888	2833
-3759	-15478	2746
-3587	-16518	2115
-4644	-17271	2203
-4638	-17609	2189
-3686	-17471	2377
-3026	-17621	2256
-2679	-17514	2333
-2715	-17376	1938
-3250	-17254	1604
-3549	-15725	1423
-3350	-14834	1224
-3249	-14431	1178
-3167	-15538	1438
-3444	-16705	1509
-3858	-16826	1246
-3929	-16164	971
-3909	-15866	703
-3862	-15630	530
-3518	-15768	410
-3868	-16031	160
-3891	-16481	-185
-2540	-16806	-2424
-5035	-16700	-2380
-5006	-15949	-683
-4015	-15931	369
-3518	-15893	676
-3194	-16000	646
-3861	-16130	571
-3994	-16421	605
-3683	-16873	501
-3712	-17947	394
-2551	-18354	-256
-4410	-17542	-1484
-3474	-15603	259
-3076	-15327	406
-2682	-15289	-118
-2617	-14638	-1573
-987	-15983	-4156
-3317	-16566	-862
-4400	-17905	984
-3625	-17907	2745
-5746	-17246	2355
-6052	-17462	1240
-4582	-12505	88
-3159	-11340	-349
-2423	-16981	1075
-1697	-20555	2589
-2991	-19238	1717
-3578	-18497	1427
-4040	-16356	1452
-3999	-15145	997
-3296	-15457	1199
-3016	-15923	1760
-4019	-16466	2434
-4721	-17744	3403
-5768	-19207	3335
-5683	-18398	4073
-5555	-16043	3264
-4581	-12872	1935
-4301	-12040	1435
-4209	-12840	1265
-4864	-15540	1423
-5358	-19629	768
-5304	-19247	-647
-4052	-17549	-1385
-4380	-15957	-1387
-1061	-17555	-3155
-3908	-16336	-2240
-3008	-15514	-1195
-2531	-14764	-283
-3107	-14788	386
-3145	-16392	730
-3394	-17692	879
-3997	-18365	665
-4057	-16973	94
-3600	-15225	62
-3122	-13935	104
-2650	-14813	517
-3023	-17400	889
-3530	-19098	983
-4270	-19308	586
-4286	-16568	-112
-3852	-14202	32
-2721	-11869	-13
-2736	-14304	724
-3517	-17586	1394
-4182	-19970	1455
-4189	-18801	1523
-3950	-16817	837
-3269	-15195	1326
-2373	-14382	63
-2509	-15187	-485
-2640	-16740	1455
-2781	-18732	2750
-2758	-18173	1909
-1884	-18631	516
-1874	-16897	-746
-2867	-15709	-1350
-4305	-16289	-593
-4787	-17287	1028
-3925	-17118	1131
-3358	-16769	1003
-2578	-15842	1002
-2326	-14732	680
-2707	-14603	254
-2645	-15710	619
-2571	-15973	740
-3181	-16388	472
-3308	-17063	343
-4012	-16392	-54
-3107	-15483	-1178
-2897	-15778	-1461
-4340	-16687	-583
-4943	-17397	-166
-4374	-17756	484
-5382	-16849	660
-5353	-15689	326
-3689	-15452	635
-4109	-16133	946
-4472	-16539	836
-3904	-17179	818
-3863	-16949	1057
-4032	-16767	934
-4052	-16025	706
-3531	-15589	587
-3440	-15783	543
-3097	-16679	788
-3136	-16619	136
-2679	-17271	-211
-2304	-17182	-565
-2551	-16881	-386
-2715	-16173	41
-2918	-15913	430
-3066	-16140	799
-3464	-16232	479
-3328	-16707	653
-3704	-16780	101
-3908	-16427	-158
-4163	-16120	-144
-3762	-16174	121
-3535	-16182	475
-3376	-16316	532
-3384	-16417	436
-3433	-16500	311
-3554	-16433	115
-3742	-16445	234
-3731	-16423	250
-3626	-16342	321
-3628	-16389	392
-3648	-16360	423
-3809	-16427	387
-3858	-16505	390
-3749	-16365	307
-3802	-16375	358
-3657	-16314	510
-3613	-16281	461
-3775	-16534	489
-3711	-16312	409
-3594	-16363	459
-3451	-16418	394
-3542	-16220	492
-3469	-16293	392
-3560	-16354	322
-3779	-16481	377
-3679	-16540	356
-3579	-16520	331
-3673	-16437	397
-3670	-16536	452
-3764	-16224	504
-3841	-16287	427
-3714	-16308	367
-3703	-16219	269
-3655	-16395	392
-3710	-16309	400
-3618	-16372	380
-3538	-16416	171
-3579	-16440	230
-3562	-16495	425
-3739	-16401	394
-3830	-16246	264
-3835	-16365	256
-3714	-16474	435
-3524	-16343	324
-3537	-16469	373
-3808	-16346	306
-3864	-16214	339
-3529	-16219	398
-3594	-16380	610
-3573	-16514	536
-3669	-16504	295
-3809	-16496	198
-3765	-16211	253
-3677	-16256	411
-3692	-16305	571
-3523	-16348	513
-3467	-16353	420
-3713	-16459	418
-3720	-16296	301
-3757	-16277	306
-3622	-16204	433
-3739	-16294	484
-3722	-16530	490
-3681	-16515	400
-3692	-16503	426
-3785	-16382	530
-3567	-16240	567
-3585	-16209	593
-3485	-16177	715
-3696	-16363	479
-3606	-16321	366
-3669	-16590	304
-3681	-16603	605
-3702	-16441	523
-3503	-16273	620
-3569	-16253	607
-3515	-16171	590
-3484	-16416	613
-3539	-16581	651
-3626	-16589	565
-3726	-16532	471
-3552	-16307	492
-3497	-16175	662
-3444	-16256	690
-3338	-16385	593
-3416	-16583	461
-3621	-16603	409
-3673	-16405	478
-3708	-16273	534
-3616	-16123	516
-3637	-16243	677
-3551	-16300	484
-3558	-16595	434
-3600	-16535	367
-3626	-16385	469
-3603	-16130	557
-3528	-16093	568
-3545	-16268	595
-3481	-16435	497
-3586	-16677	463
-3618	-16599	439
-3666	-16368	398
-3799	-16234	529
-3641	-16143	573
-3445	-16375	535
-3618	-16364	597
-3593	-16428	601
-3729	-16406	483
-3741	-16356	651
-3684	-16303	709
-3729	-16357	689
-3540	-16301	440
-3373	-16328	569
-3323	-16339	599
-3372	-16541	633
-3588	-16540	668
-3664	-16408	556
-3644	-16384	617
-3478	-16359	536
-3288	-16444	498
-3329	-16514	629
-3290	-16470	640
-3358	-16477	518
-3553	-16466	522
-3614	-16328	688
-3695	-16223	672
-3568	-16356	610
-3433	-16421	524
-3508	-16350	565
-3574	-16320	516
-3675	-16276	538
-3644	-16315	550
-3635	-16506	676
-3454	-16330	562
-3498	-16452	621
-3700	-16322	669
-3773	-16419	617
-3618	-16501	532
-3699	-16479	504
-3496	-16415	466
-3328	-16247	654
-3367	-16197	611
-3396	-16366	724
-3505	-16496	568
-3569	-16642	604
-3584	-16384	580
-3688	-16260	659
-3694	-16237	618
-3754	-16297	579
-3522	-16313	543
-3773	-16372	628
-3771	-16269	526
-3674	-16339	538
-3491	-16382	462
-3661	-16427	439
-3679	-16248	473
-3632	-16179	571
-3540	-16385	768
-3563	-16458	567
-3515	-16589	444
-3579	-16456	425
-3773	-16336	520
-3799	-16374	616
-3784	-16252	588
-3619	-16397	595
-3708	-16220	620
-3522	-16452	598
-3589	-16410	570
-3532	-16502	523
-3748	-16382	579
-3728	-16496	635
-3772	-16380	595
-3609	-16382	493
-3485	-16306	395
-3523	-16165	528
-3462	-16351	724
-3448	-16385	588
-3592	-16543	554
-3591	-16523	514
-3646	-16459	533
-3754	-16198	530
-3559	-16310	686
-3450	-16432	649
-3507	-16596	501
-3557	-16487	472
-3661	-16314	649
-3773	-16287	684
-3697	-16216	662
-3466	-16364	608
-3293	-16518	485
-3434	-16437	505
-3488	-16365	621
-3625	-16322	357
-3877	-16219	334
-3922	-16285	489
-3870	-16100	730
-3952	-16175	578
-4042	-16171	536
-4138	-16223	300
-4235	-15949	359
-4350	-15876	390
-4616	-15929	420
-4732	-16180	393
-4862	-16258	365
-5000	-16033	467
-4717	-15717	337
-4769	-15298	447
-4427	-15691	656
-4508	-15461	508
-4388	-15067	198
-4534	-14283	411
-4070	-13516	1045
-3754	-12824	1019
-5176	-12262	1653
-4243	-10858	1870
-4090	-8162	846
-4257	-7903	617
-2870	-6589	823
-2512	-8978	1476
-2258	-11180	1116
-3597	-18870	4785
-3911	-13169	2105
-3167	-17080	8401
752	23078	13533
-32768	32767	12426
-32768	12409	24658
-24777	-32768	7155
13929	-9943	-9954
-4334	11911	-1769
6316	831	133
-1858	13992	6605
-14218	12355	-2487
-8793	12883	10363
-10583	1682	6206
-16463	2343	5186
-18539	-1031	6938
-22697	1791	11929
-12463	3325	5551
-11418	759	6835
-16736	2014	8759
-16845	2739	7228
-8470	849	4903
-19729	1658	5431
-24844	-1348	5910
-5950	-791	3119
-17527	2155	3057
-15352	547	4389
-15043	2245	1549
-16088	89	4304
-15854	1729	3985
-15075	3388	4902
-15852	3238	3435
-17178	1822	5940
-15035	1221	2875
-12965	1012	3613
-16059	1505	4337
-15042	1461	4433
-14713	1480	4044
-14755	1329	4082
-15026	1361	4213
-15088	1201	4297
-14649	1303	4242
-14989	1270	4387
-14771	1242	4299
-15168	1504	4586
-14931	1265	4191
-14901	1342	4421
-15043	1201	4353
-14967	1375	4395
-14908	1289	4422
-14842	1229	4163
-15029	1505	4568
-15195	1209	4295
-14722	1180	4259
-15093	1251	4260
-15159	1227	4209
-15076	1107	4106
-14894	1078	4283
-14810	1205	4116
-15225	1192	3904
-15112	1090	4094
-15022	1211	3896
-15130	1027	4041
-14866	1235	3830
-14832	1010	4017
-15554	1116	4098
-15167	891	3954
-15143	842	4228
-14882	846	4037
-15180	915	4115
-15177	897	4130
-15208	872	4174
-14945	891	4036
-15064	957	4132
-15171	812	4127
-15202	723	4115
-15191	575	4177
-15183	2032	4365
-14479	1537	3225
-15243	1346	3958
-14649	778	3859
-14676	672	3296
-15257	1325	3784
-15474	1255	4284
-15882	1532	4233
-15033	1818	3943
-15367	1097	3490
-14548	1675	3171
-16055	1815	3234
-14644	1310	2887
-15010	1122	2718
-15687	-1574	2650
-15822	-1583	2671
-15387	-2265	2663
-15895	-2338	1730
-15027	-3165	1975
-16235	-3498	1677
-14628	-4117	1337
-15421	-4604	1294
-14740	-4497	1227
-14863	-5349	1057
-14987	-5654	1020
-14963	-5985	738
-15038	-6325	1052
-14491	-6865	1049
-14192	-7342	1050
-14138	-7729	791
-13726	-7946	1128
-14020	-8397	901
-13562	-8679	940
-13396	-8870	973
-13144	-9189	849
-13118	-9448	919
-12747	-9615	732
-12966	-9605	843
-13226	-9181	846
-13184	-9476	159
-13454	-9060	468
-13510	-9236	403
-13408	-9229	505
-13359	-9257	742
-13123	-9309	763
-13304	-9325	716
-13253	-9418	907
-13196	-9368	803
-13337	-9315	698
-13332	-9210	711
-13197	-9145	580
-13323	-9136	710
-13303	-9108	609
-13451	-9063	732
-13516	-9046	738
-13547	-8928	740
-13553	-8885	707
-13568	-8934	821
-13534	-8864	836
-13521	-8942	774
-13564	-8695	641
-13516	-8923	705
-13538	-8914	692
-13632	-8902	698
-13522	-8883	633
-13478	-8855	786
-13574	-8937	790
-13497	-8836	767
-13570	-8891	613
-13561	-8917	741
-13492	-8873	738
-13609	-8863	793
-13596	-8847	602
-13538	-8892	698
-13629	-88	
