50044,-15498,0,
50064,-15497,2,
50063,-15495,4,
50056,-15494,5,
50074,-15492,6,
50057,-15492,8,
50072,-15490,9,
50076,-15488,11,
50086,-15484,14,
50094,-15481,16,
50081,-15480,19,
50101,-15477,22,
50081,-15476,24,
50079,-15475,27,
50060,-15475,29,
49985,-15526,-17,
50002,-15527,-16,
50014,-15527,-15,
50018,-15526,-15,
50050,-15524,-14,
50045,-15522,-13,
50040,-15520,-12,
50043,-15517,-9,
50027,-15517,-6,
50019,-15517,-3,
50013,-15517,0,
49988,-15519,3,
49996,-15520,6,
49990,-15522,9,
49979,-15524,11,
49962,-15530,11,
49961,-15533,8,
49952,-15536,5,
49936,-15540,0,
49952,-15543,-6,
49948,-15546,-13,
49938,-15549,-20,
49937,-15552,-28,
49934,-15558,-41,
49920,-15562,-47,
49939,-15564,-52,
49913,-15568,-57,
49930,-15570,-60,
49922,-15573,-62,
49939,-15574,-64,
49940,-15576,-65,
49918,-15579,-65,
49926,-15581,-65,
49917,-15583,-64,
49925,-15585,-63,
49915,-15588,-59,
49926,-15590,-57,
49938,-15590,-55,
49925,-15592,-53,
49939,-15592,-51,
49943,-15592,-48,
49948,-15592,-45,
49942,-15592,-43,
49940,-15592,-37,
49952,-15592,-33,
49963,-15591,-30,
49953,-15590,-26,
49971,-15589,-22,
49963,-15588,-18,
49990,-15585,-14,
49977,-15584,-10,
49970,-15583,-5,
49966,-15582,-1,
49977,-15580,3,
49985,-15579,7,
49954,-15579,14,
49952,-15580,17,
49950,-15580,19,
49941,-15581,20,
49936,-15582,21,
49927,-15584,20,
49920,-15586,19,
49954,-15586,17,
49925,-15588,10,
49924,-15590,6,
49914,-15592,1,
49923,-15593,-3,
49921,-15595,-8,
49913,-15596,-12,
49896,-15599,-16,
49903,-15601,-19,
49911,-15605,-25,
49885,-15608,-28,
49896,-15610,-30,
49908,-15611,-32,
49886,-15613,-34,
49905,-15615,-36,
49901,-15616,-37,
49903,-15617,-39,
49912,-15617,-39,
49910,-15618,-40,
49911,-15619,-40,
49903,-15619,-39,
49923,-15620,-37,
49908,-15620,-35,
49921,-15620,-32,
49904,-15621,-30,
49895,-15622,-27,
49932,-15621,-24,
49934,-15620,-21,
49938,-15619,-18,
49955,-15615,-13,
49954,-15613,-10,
49941,-15612,-6,
49969,-15609,-3,
49961,-15607,1,
49967,-15605,5,
49961,-15603,9,
49947,-15602,13,
49950,-15601,17,
49915,-15602,21,
49943,-15602,25,
49923,-15603,27,
49933,-15603,30,
49914,-15605,30,
49913,-15606,29,
49920,-15606,26,
49902,-15608,23,
49906,-15610,18,
49897,-15611,14,
49896,-15613,8,
49906,-15616,-2,
49887,-15618,-7,
49897,-15620,-12,
49879,-15622,-16,
49882,-15624,-20,
49885,-15626,-23,
49872,-15628,-26,
49868,-15631,-29,
49892,-15633,-33,
49899,-15633,-35,
49895,-15634,-36,
49885,-15635,-37,
49893,-15635,-37,
49895,-15636,-37,
49889,-15636,-36,
49891,-15637,-35,
49895,-15637,-33,
49886,-15638,-31,
49897,-15638,-29,
49897,-15638,-26,
49904,-15638,-21,
49893,-15639,-19,
49888,-15639,-17,
49928,-15637,-14,
49926,-15636,-12,
49941,-15633,-10,
49934,-15631,-8,
49946,-15629,-6,
49967,-15623,1,
49957,-15620,4,
49960,-15618,9,
49977,-15614,14,
49953,-15612,19,
49965,-15609,24,
49968,-15607,30,
49950,-15606,35,
49961,-15604,40,
49931,-15604,44,
49936,-15604,47,
49918,-15605,49,
49907,-15607,49,
49882,-15610,47,
49905,-15611,43,
49903,-15613,39,
49891,-15615,33,
49890,-15617,26,
49901,-15618,18,
49872,-15621,11,
49884,-15624,-5,
49867,-15627,-12,
49862,-15630,-18,
49868,-15632,-24,
49867,-15635,-29,
49848,-15638,-33,
49864,-15640,-37,
49864,-15642,-40,
49874,-15644,-42,
49852,-15646,-44,
49855,-15648,-46,
49876,-15649,-47,
49879,-15652,-49,
49870,-15653,-49,
49854,-15655,-48,
49862,-15656,-48,
49857,-15657,-47,
49871,-15658,-45,
49874,-15658,-43,
49884,-15658,-41,
49858,-15660,-36,
49882,-15660,-33,
49875,-15660,-30,
49872,-15660,-28,
49875,-15660,-25,
49884,-15660,-22,
49910,-15658,-19,
49904,-15656,-17,
49929,-15651,-10,
49931,-15648,-7,
49927,-15645,-3,
49920,-15644,1,
49914,-15642,6,
49907,-15641,11,
49900,-15641,15,
49911,-15640,20,
49897,-15640,24,
49887,-15641,28,
49879,-15642,30,
49878,-15643,31,
49858,-15646,30,
49843,-15649,28,
49847,-15652,24,
49870,-15652,19,
49856,-15654,13,
49869,-15655,7,
49852,-15657,0,
49846,-15659,-6,
49847,-15663,-18,
49854,-15664,-23,
49851,-15666,-27,
49850,-15667,-30,
49859,-15668,-33,
49854,-15668,-34,
49868,-15668,-35,
49846,-15670,-35,
49847,-15671,-35,
49845,-15672,-34,
49862,-15672,-33,
49863,-15673,-31,
49858,-15673,-28,
49865,-15673,-26,
49859,-15673,-24,
49865,-15673,-22,
49856,-15674,-20,
49874,-15673,-18,
49872,-15673,-16,
49877,-15672,-14,
49896,-15669,-9,
49893,-15667,-7,
49877,-15667,-4,
49894,-15665,-2,
49885,-15664,1,
49902,-15663,4,
49896,-15661,7,
49915,-15659,10,
49930,-15653,16,
49912,-15651,20,
49920,-15649,23,
49908,-15647,26,
49926,-15645,29,
49920,-15643,32,
49903,-15643,34,
49884,-15643,36,
49898,-15643,38,
49884,-15644,39,
49873,-15645,39,
49883,-15645,38,
49864,-15649,34,
49871,-15650,30,
49863,-15652,25,
49863,-15653,20,
49861,-15654,14,
49855,-15656,8,
49851,-15658,2,
49840,-15660,-4,
49841,-15664,-15,
49838,-15666,-19,
49834,-15668,-23,
49852,-15669,-27,
49849,-15671,-30,
49846,-15672,-32,
49850,-15673,-34,
49849,-15674,-35,
49840,-15675,-36,
49840,-15676,-36,
49853,-15677,-36,
49858,-15677,-35,
49843,-15679,-33,
49862,-15679,-32,
49861,-15678,-30,
49867,-15678,-28,
49850,-15678,-26,
49858,-15678,-23,
49888,-15677,-21,
49877,-15676,-18,
49884,-15672,-12,
49886,-15671,-9,
49900,-15669,-5,
49888,-15667,-2,
49897,-15666,2,
49901,-15664,6,
49900,-15662,10,
49918,-15659,14,
49933,-15653,22,
49929,-15650,26,
49947,-15646,30,
49923,-15644,33,
49940,-15641,37,
49934,-15639,40,
49905,-15638,43,
49914,-15637,46,
49897,-15637,48,
49894,-15638,50,
49878,-15639,51,
49882,-15640,50,
49871,-15643,46,
49857,-15645,42,
49855,-15647,36,
49869,-15649,30,
49856,-15651,23,
49847,-15653,15,
49842,-15656,7,
49842,-15658,-1,
49829,-15663,-15,
49827,-15666,-22,
49834,-15668,-27,
49832,-15670,-32,
49836,-15672,-36,
49839,-15674,-40,
49827,-15676,-42,
49812,-15679,-45,
49826,-15681,-46,
49833,-15682,-47,
49834,-15684,-48,
49811,-15686,-49,
49841,-15689,-48,
49844,-15689,-48,
49817,-15691,-47,
49835,-15691,-45,
49832,-15692,-44,
49830,-15693,-42,
49824,-15694,-40,
49835,-15695,-38,
49832,-15695,-33,
49846,-15695,-31,
49836,-15695,-28,
49844,-15695,-26,
49846,-15695,-23,
49872,-15693,-20,
49879,-15691,-18,
49888,-15688,-15,
49877,-15684,-8,
49893,-15682,-4,
49885,-15680,1,
49886,-15678,5,
49881,-15677,10,
49876,-15676,15,
49860,-15676,19,
49853,-15676,23,
49864,-15676,27,
49856,-15676,29,
49847,-15677,31,
49842,-15678,31,
49829,-15681,28,
49824,-15683,25,
49811,-15685,21,
49816,-15688,16,
49803,-15690,10,
49814,-15692,4,
49808,-15695,-2,
49808,-15697,-8,
49816,-15700,-20,
49809,-15701,-25,
49792,-15704,-30,
49798,-15706,-33,
49793,-15709,-37,
49800,-15710,-39,
49803,-15712,-41,
49805,-15713,-43,
49809,-15714,-43,
49804,-15715,-43,
49820,-15715,-43,
49803,-15716,-42,
49820,-15716,-40,
49820,-15716,-38,
49825,-15716,-35,
49807,-15717,-33,
49822,-15717,-30,
49819,-15717,-27,
49830,-15716,-24,
49840,-15715,-20,
49844,-15713,-13,
49824,-15713,-10,
49847,-15711,-7,
49846,-15710,-4,
49852,-15708,-1,
49845,-15707,2,
49872,-15705,5,
49861,-15703,8,
49871,-15700,11,
49876,-15698,14,
49892,-15695,18,
49879,-15692,21,
49882,-15687,28,
49884,-15684,31,
49873,-15683,34,
49861,-15683,37,
49852,-15683,40,
49857,-15683,42,
49854,-15683,44,
49846,-15683,44,
49824,-15685,42,
49844,-15686,40,
49811,-15688,36,
49807,-15691,31,
49813,-15693,26,
49813,-15695,19,
49795,-15698,13,
49807,-15700,6,
49819,-15704,-8,
49809,-15705,-15,
49810,-15707,-21,
49809,-15708,-26,
49802,-15709,-30,
49812,-15710,-34,
49808,-15712,-36,
49807,-15713,-38,
49806,-15714,-39,
49798,-15715,-39,
49805,-15716,-38,
49828,-15716,-37,
49824,-15716,-34,
49825,-15715,-31,
49826,-15715,-29,
49831,-15714,-26,
49835,-15714,-23,
49831,-15713,-20,
49832,-15713,-17,
49834,-15712,-14,
49848,-15709,-7,
49852,-15708,-4,
49864,-15705,0,
49871,-15703,3,
49850,-15702,7,
49868,-15700,10,
49865,-15698,14,
49865,-15696,17,
49879,-15694,20,
49885,-15691,23,
49887,-15689,26,
49911,-15685,29,
49917,-15678,35,
49917,-15674,38,
49911,-15671,41,
49895,-15669,44,
49898,-15667,47,
49889,-15666,50,
49878,-15665,53,
49873,-15665,55,
49852,-15667,56,
49852,-15668,55,
49831,-15670,53,
49841,-15672,50,
49831,-15674,45,
49825,-15676,39,
49844,-15677,32,
49809,-15680,24,
49810,-15685,7,
49816,-15687,-2,
49809,-15690,-10,
49803,-15693,-17,
49793,-15696,-24,
49809,-15698,-30,
49807,-15700,-35,
49820,-15701,-39,
49801,-15703,-42,
49788,-15706,-45,
49797,-15708,-47,
49791,-15710,-48,
49803,-15714,-50,
49819,-15714,-50,
49803,-15715,-49,
49799,-15717,-48,
49812,-15717,-47,
49816,-15717,-46,
49807,-15718,-44,
49826,-15718,-42,
49830,-15718,-37,
49833,-15717,-34,
49822,-15717,-30,
49813,-15717,-27,
49829,-15717,-23,
49810,-15717,-19,
49826,-15717,-16,
49826,-15716,-12,
49845,-15715,-9,
49842,-15714,-6,
49858,-15711,-3,
49853,-15710,0,
49879,-15704,5,
49865,-15702,8,
49870,-15700,11,
49860,-15698,14,
49869,-15696,18,
49864,-15695,21,
49847,-15695,25,
49831,-15695,28,
49844,-15695,33,
49829,-15696,34,
49843,-15696,35,
49806,-15698,34,
49814,-15700,32,
49817,-15701,28,
49807,-15703,24,
49800,-15705,19,
49810,-15708,8,
49805,-15709,2,
49829,-15709,-4,
49794,-15711,-9,
49805,-15712,-14,
49798,-15714,-18,
49806,-15715,-21,
49805,-15716,-24,
49788,-15718,-26,
49786,-15720,-28,
49797,-15721,-29,
49799,-15722,-29,
49794,-15723,-30,
49818,-15723,-29,
49816,-15723,-29,
49821,-15722,-28,
49812,-15723,-27,
49819,-15722,-26,
49819,-15722,-24,
49814,-15722,-22,
49833,-15720,-17,
49831,-15719,-14,
49829,-15718,-10,
49827,-15718,-7,
49836,-15717,-4,
49848,-15715,0,
49840,-15714,3,
49839,-15713,5,
49850,-15711,8,
49864,-15709,11,
49859,-15707,13,
49889,-15703,16,
49904,-15696,21,
49881,-15693,24,
49905,-15689,28,
49903,-15686,31,
49891,-15683,35,
49864,-15683,39,
49871,-15682,43,
49874,-15680,47,
49859,-15680,52,
49867,-15680,54,
49839,-15681,54,
49849,-15681,52,
49830,-15683,50,
49824,-15685,46,
49828,-15686,41,
49836,-15687,35,
49817,-15689,28,
49821,-15691,21,
49824,-15692,14,
49816,-15694,7,
49820,-15697,-6,
49819,-15698,-11,
49813,-15700,-16,
49830,-15700,-20,
49813,-15702,-24,
49813,-15703,-26,
49825,-15703,-28,
49810,-15705,-29,
49823,-15707,-30,
49825,-15707,-30,
49840,-15707,-29,
49825,-15707,-28,
49819,-15708,-27,
49840,-15707,-25,
49851,-15706,-24,
49846,-15705,-21,
49835,-15704,-16,
49865,-15702,-13,
49857,-15700,-10,
49839,-15700,-7,
49848,-15700,-3,
49846,-15699,0,
49858,-15698,3,
49858,-15696,7,
49853,-15696,9,
49874,-15694,12,
49878,-15691,14,
49886,-15689,16,
49898,-15683,20,
49911,-15680,22,
49911,-15676,25,
49901,-15674,27,
49912,-15671,30,
49907,-15668,33,
49901,-15666,37,
49893,-15665,40,
49878,-15664,47,
49882,-15663,49,
49875,-15663,50,
49862,-15664,51,
49865,-15664,50,
49844,-15666,48,
49843,-15668,45,
49831,-15670,40,
49843,-15672,35,
49831,-15674,28,
49842,-15675,21,
49823,-15678,14,
49841,-15680,0,
49825,-15682,-7,
49834,-15683,-13,
49811,-15686,-18,
49830,-15687,-23,
49826,-15688,-26,
49834,-15689,-29,
49830,-15690,-32,
49817,-15693,-34,
49816,-15695,-34,
49821,-15696,-34,
49819,-15698,-34,
49838,-15698,-33,
49835,-15698,-33,
49820,-15699,-32,
49838,-15699,-31,
49833,-15699,-28,
49836,-15700,-27,
49847,-15699,-25,
49831,-15699,-23,
49844,-15699,-21,
49862,-15697,-19,
49842,-15697,-16,
49851,-15696,-13,
49860,-15695,-11,
49872,-15693,-8,
49860,-15692,-5,
49870,-15691,-2,
49870,-15688,4,
49867,-15687,7,
49895,-15684,11,
49895,-15681,14,
49910,-15678,17,
49895,-15676,20,
49905,-15673,23,
49887,-15672,26,
49882,-15669,32,
49880,-15669,35,
49881,-15668,37,
49877,-15667,39,
49859,-15668,40,
49847,-15669,40,
49846,-15671,39,
49834,-15673,38,
49845,-15674,35,
49825,-15676,31,
49840,-15677,26,
49814,-15680,20,
49815,-15684,7,
49816,-15687,1,
49806,-15689,-6,
49813,-15692,-13,
49795,-15695,-19,
49780,-15699,-25,
49802,-15701,-30,
49804,-15703,-35,
49798,-15707,-42,
49801,-15709,-45,
49806,-15710,-48,
49789,-15713,-49,
49798,-15714,-51,
49807,-15715,-51,
49815,-15716,-51,
49799,-15717,-50,
49802,-15719,-48,
49805,-15719,-46,
49820,-15719,-43,
49814,-15719,-40,
49831,-15719,-37,
49830,-15718,-34,
49829,-15717,-30,
49842,-15716,-27,
49825,-15716,-23,
49853,-15714,-19,
49836,-15713,-15,
49822,-15713,-11,
49858,-15709,-3,
49875,-15706,1,
49859,-15705,5,
49884,-15701,9,
49900,-15697,13,
49889,-15694,17,
49908,-15690,21,
49885,-15688,25,
49874,-15684,34,
49872,-15682,38,
49871,-15681,42,
49885,-15679,45,
49853,-15680,48,
49864,-15679,50,
49844,-15680,51,
49857,-15680,51,
49856,-15680,50,
49851,-15680,47,
49820,-15683,43,
49837,-15684,39,
49831,-15686,27,
49831,-15687,21,
49832,-15688,15,
49818,-15690,9,
49833,-15691,3,
49819,-15693,-2,
49830,-15694,-7,
49815,-15695,-11,
49826,-15697,-18,
49834,-15697,-20,
49834,-15697,-22,
49840,-15697,-23,
49833,-15698,-24,
49834,-15698,-24,
49848,-15697,-23,
49835,-15698,-22,
49831,-15697,-19,
49852,-15696,-17,
49841,-15696,-15,
49834,-15697,-12,
49847,-15696,-10,
49843,-15696,-7,
49862,-15695,-5,
49850,-15694,-3,
49861,-15693,-1,
49867,-15692,1,
49857,-15691,3,
49876,-15689,4,
49877,-15686,8,
49887,-15684,10,
49888,-15682,12,
49899,-15679,14,
49913,-15676,17,
49914,-15672,20,
49910,-15669,23,
49922,-15666,26,
49921,-15660,34,
49912,-15658,38,
49912,-15656,42,
49903,-15654,45,
49898,-15653,49,
49890,-15653,51,
49906,-15651,54,
49875,-15652,54,
49882,-15652,54,
49870,-15653,53,
49873,-15654,51,
49867,-15655,47,
49855,-15660,37,
49838,-15662,31,
49851,-15663,24,
49830,-15666,17,
49842,-15668,10,
49829,-15670,2,
49845,-15672,-5,
49840,-15673,-11,
49851,-15675,-23,
49831,-15677,-27,
49829,-15679,-31,
49845,-15680,-34,
49844,-15680,-35,
49846,-15681,-36,
49833,-15682,-37,
49837,-15684,-36,
49837,-15685,-35,
49853,-15684,-34,
49836,-15685,-32,
49853,-15685,-30,
49848,-15685,-27,
49856,-15685,-25,
49858,-15685,-23,
49848,-15685,-20,
49854,-15685,-18,
49853,-15685,-16,
49875,-15683,-14,
49844,-15684,-11,
49876,-15681,-6,
49885,-15679,-4,
49893,-15677,-1,
49894,-15675,1,
49917,-15671,4,
49909,-15669,7,
49907,-15666,11,
49907,-15664,14,
49911,-15659,22,
49900,-15658,26,
49878,-15658,31,
49870,-15658,34,
49866,-15659,37,
49866,-15660,40,
49872,-15660,41,
49861,-15661,40,
49857,-15662,39,
49833,-15665,36,
49845,-15666,32,
49842,-15668,27,
49858,-15671,14,
49845,-15672,7,
49848,-15673,0,
49832,-15675,-6,
49835,-15677,-12,
49842,-15678,-17,
49851,-15678,-21,
49837,-15680,-24,
49851,-15681,-28,
49837,-15682,-29,
49845,-15683,-29,
49835,-15684,-29,
49847,-15684,-28,
49833,-15686,-27,
49856,-15685,-26,
49834,-15686,-25,
49855,-15686,-24,
49851,-15686,-22,
49858,-15686,-21,
49858,-15685,-19,
49845,-15685,-16,
49860,-15684,-14,
49878,-15683,-12,
49872,-15682,-10,
49867,-15681,-7,
49869,-15680,-5,
49873,-15679,-2,
49880,-15678,1,
49870,-15675,6,
49900,-15673,9,
49898,-15671,12,
49920,-15667,14,
49917,-15664,17,
49908,-15662,20,
49895,-15661,23,
49911,-15658,26,
49894,-15657,32,
49885,-15656,34,
49856,-15658,36,
49869,-15658,37,
49880,-15658,38,
49856,-15660,38,
49859,-15661,36,
49848,-15662,33,
49849,-15664,30,
49860,-15665,25,
49852,-15666,20,
49852,-15667,14,
49845,-15670,2,
49834,-15672,-3,
49832,-15674,-9,
49832,-15676,-13,
49847,-15677,-17,
49836,-15678,-21,
49843,-15679,-23,
49841,-15680,-26,
49842,-15683,-28,
49831,-15684,-29,
49841,-15685,-30,
49836,-15686,-30,
49840,-15686,-30,
49840,-15687,-30,
49822,-15689,-29,
49829,-15690,-28,
49861,-15689,-27,
49849,-15689,-26,
49848,-15689,-25,
49859,-15688,-23,
49862,-15687,-20,
49872,-15686,-18,
49864,-15685,-15,
49879,-15683,-13,
49868,-15682,-10,
49874,-15681,-7,
49874,-15680,-3,
49887,-15678,1,
49916,-15672,8,
49915,-15669,12,
49915,-15666,16,
49913,-15664,20,
49911,-15661,24,
49897,-15660,27,
49865,-15661,31,
49897,-15659,34,
49875,-15660,39,
49864,-15660,40,
49851,-15662,41,
49855,-15663,40,
49858,-15664,38,
49834,-15667,34,
49826,-15669,30,
49822,-15672,24,
49827,-15674,18,
49817,-15677,11,
49801,-15681,3,
49818,-15683,-5,
49810,-15688,-19,
49810,-15690,-26,
49806,-15693,-32,
49805,-15695,-38,
49800,-15698,-42,
49799,-15700,-46,
49795,-15703,-49,
49789,-15706,-51,
49802,-15710,-54,
49803,-15711,-55,
49798,-15713,-55,
49812,-15714,-55,
49797,-15715,-54,
49794,-15717,-53,
49813,-15717,-51,
49825,-15717,-50,
49801,-15718,-48,
49794,-15720,-45,
49822,-15719,-43,
49807,-15720,-40,
49810,-15721,-34,
49814,-15721,-30,
49823,-15720,-27,
49834,-15719,-24,
49827,-15718,-21,
49846,-15717,-18,
49843,-15715,-15,
49862,-15713,-11,
49847,-15710,-4,
49869,-15707,-1,
49859,-15706,3,
49846,-15705,7,
49832,-15705,11,
49828,-15705,15,
49826,-15705,19,
49813,-15706,22,
49810,-15708,23,
49806,-15709,24,
49791,-15711,24,
49798,-15713,23,
49782,-15718,16,
49772,-15720,11,
49780,-15723,6,
49772,-15725,-1,
49775,-15728,-7,
49782,-15729,-14,
49773,-15731,-20,
49769,-15734,-26,
49767,-15737,-36,
49768,-15739,-39,
49771,-15741,-42,
49783,-15742,-44,
49771,-15743,-45,
49763,-15745,-46,
49771,-15746,-45,
49779,-15747,-45,
49749,-15750,-42,
49787,-15750,-41,
49769,-15751,-39,
49782,-15751,-37,
49769,-15752,-35,
49770,-15753,-33,
49764,-15754,-31,
49789,-15754,-29,
49788,-15754,-27,
49805,-15752,-25,
49798,-15751,-23,
49788,-15751,-20,
49797,-15750,-16,
49809,-15748,-13,
49799,-15748,-10,
49836,-15745,-7,
49834,-15742,-3,
49837,-15739,1,
49828,-15737,4,
49837,-15735,9,
49828,-15732,17,
49827,-15731,21,
49815,-15730,25,
49813,-15730,28,
49783,-15731,31,
49795,-15732,33,
49785,-15733,34,
49774,-15735,33,
49769,-15737,32,
49759,-15739,29,
49756,-15742,25,
49764,-15744,20,
49762,-15748,8,
49739,-15751,1,
49763,-15753,-7,
49736,-15756,-14,
49742,-15758,-20,
49732,-15761,-27,
49731,-15764,-32,
49751,-15765,-37,
49742,-15768,-44,
49733,-15770,-46,
49750,-15771,-47,
49738,-15773,-48,
49739,-15775,-48,
49743,-15776,-48,
49738,-15777,-47,
49730,-15779,-46,
49737,-15780,-43,
49743,-15781,-41,
49741,-15782,-39,
49731,-15783,-37,
49736,-15784,-35,
49757,-15784,-33,
49758,-15784,-30,
49756,-15783,-28,
49748,-15784,-26,
49757,-15784,-24,
49774,-15782,-22,
49755,-15782,-20,
49775,-15780,-15,
49785,-15778,-12,
49792,-15776,-9,
49803,-15773,-5,
49799,-15771,-2,
49803,-15769,2,
49817,-15766,7,
49809,-15763,11,
49791,-15760,20,
49795,-15759,24,
49781,-15759,28,
49790,-15758,32,
49749,-15760,35,
49752,-15761,37,
49747,-15763,37,
49735,-15766,36,
49721,-15769,34,
49714,-15772,30,
49720,-15775,25,
49715,-15778,19,
49711,-15782,3,
49718,-15785,-5,
49701,-15788,-14,
49713,-15790,-22,
49705,-15793,-29,
49703,-15795,-36,
49716,-15797,-41,
49705,-15799,-46,
49703,-15802,-51,
49689,-15805,-53,
49714,-15806,-53,
49702,-15808,-53,
49696,-15810,-52,
49701,-15812,-51,
49707,-15813,-50,
49722,-15813,-48,
49717,-15814,-45,
49705,-15815,-43,
49716,-15816,-41,
49702,-15817,-39,
49726,-15817,-36,
49723,-15816,-34,
49719,-15816,-31,
49721,-15816,-28,
49723,-15816,-25,
49730,-15816,-22,
49725,-15815,-20,
49730,-15815,-17,
49757,-15812,-11,
49751,-15810,-8,
49752,-15809,-5,
49764,-15806,-2,
49769,-15804,2,
49764,-15802,5,
49790,-15799,9,
49765,-15797,12,
49773,-15792,20,
49761,-15791,24,
49734,-15792,28,
49749,-15791,32,
49756,-15791,35,
49728,-15792,36,
49720,-15793,37,
49699,-15796,37,
49709,-15798,36,
49718,-15799,33,
49686,-15803,28,
49719,-15804,23,
49706,-15807,10,
49695,-15809,3,
49701,-15811,-4,
49697,-15813,-11,
49697,-15814,-18,
49695,-15816,-23,
49700,-15817,-28,
49690,-15819,-32,
49689,-15822,-36,
49715,-15822,-37,
49699,-15823,-38,
49696,-15824,-37,
49710,-15824,-37,
49704,-15825,-36,
49715,-15825,-34,
49713,-15825,-32,
49713,-15825,-28,
49710,-15825,-25,
49716,-15824,-22,
49716,-15824,-20,
49725,-15823,-17,
49731,-15822,-14,
49723,-15822,-11,
49733,-15821,-8,
49732,-15820,-5,
49714,-15820,-3,
49740,-15818,0,
49739,-15817,2,
49753,-15814,7,
49753,-15812,9,
49761,-15810,11,
49776,-15807,14,
49782,-15804,16,
49790,-15800,19,
49797,-15796,22,
49800,-15793,25,
49773,-15788,33,
49770,-15787,37,
49766,-15786,41,
49759,-15785,44,
49750,-15786,47,
49759,-15785,50,
49748,-15785,51,
49739,-15786,51,
49719,-15788,50,
49719,-15790,47,
49706,-15792,43,
49703,-15795,37,
49702,-15800,23,
49712,-15802,15,
49709,-15803,7,
49698,-15805,-1,
49695,-15808,-9,
49704,-15809,-16,
49701,-15811,-22,
49697,-15813,-28,
49697,-15817,-36,
49702,-15818,-39,
49681,-15820,-41,
49678,-15823,-42,
49696,-15824,-42,
49668,-15826,-42,
49688,-15828,-42,
49700,-15828,-42,
49691,-15829,-41,
49691,-15830,-41,
49702,-15831,-40,
49698,-15831,-39,
49714,-15831,-36,
49706,-15831,-35,
49707,-15830,-32,
49723,-15829,-30,
49729,-15828,-27,
49728,-15827,-23,
49727,-15826,-19,
49737,-15824,-15,
49724,-15822,-6,
49734,-15821,-2,
49742,-15819,2,
49743,-15818,6,
49743,-15816,10,
49764,-15813,14,
49783,-15810,17,
49776,-15807,21,
49781,-15800,27,
49773,-15798,30,
49779,-15795,33,
49778,-15793,37,
49764,-15792,40,
49758,-15791,43,
49738,-15791,46,
49728,-15792,48,
49740,-15793,49,
49727,-15794,49,
49712,-15796,48,
49721,-15797,45,
49696,-15802,36,
49701,-15804,30,
49710,-15805,23,
49694,-15808,15,
49715,-15808,7,
49698,-15810,-1,
49688,-15813,-8,
49692,-15815,-15,
49694,-15818,-26,
49698,-15819,-30,
49690,-15821,-33,
49686,-15823,-36,
49671,-15825,-37,
49691,-15827,-38,
49695,-15828,-39,
49691,-15829,-39,
49680,-15831,-39,
49689,-15832,-38,
49697,-15832,-38,
49704,-15832,-37,
49695,-15833,-35,
49693,-15834,-33,
49707,-15834,-32,
49719,-15833,-30,
49712,-15832,-27,
49698,-15832,-25,
49711,-15832,-22,
49709,-15832,-19,
49719,-15830,-13,
49724,-15829,-9,
49721,-15828,-7,
49728,-15827,-4,
49734,-15826,-1,
49728,-15825,2,
49743,-15823,5,
49742,-15821,7,
49766,-15815,13,
49772,-15812,15,
49775,-15808,19,
49771,-15806,22,
49778,-15803,26,
49760,-15801,29,
49752,-15800,33,
49749,-15799,37,
49753,-15798,40,
49738,-15798,43,
49709,-15800,45,
49714,-15802,46,
49715,-15804,43,
49712,-15805,40,
49721,-15806,36,
49704,-15808,31,
49729,-15808,24,
49716,-15808,18,
49703,-15810,11,
49722,-15810,5,
49713,-15812,-7,
49695,-15814,-11,
49703,-15815,-15,
49708,-15816,-17,
49711,-15817,-19,
49708,-15817,-20,
49693,-15819,-21,
49711,-15819,-21,
49719,-15819,-21,
49716,-15819,-21,
49734,-15818,-21,
49718,-15818,-20,
49714,-15820,-19,
49725,-15819,-17,
49723,-15819,-16,
49727,-15818,-14,
49746,-15816,-12,
49734,-15816,-10,
49759,-15813,-7,
49747,-15812,-5,
49751,-15808,1,
49768,-15806,4,
49752,-15805,8,
49763,-15803,11,
49770,-15800,15,
49772,-15798,18,
49774,-15796,22,
49778,-15794,25,
49793,-15788,32,
49809,-15784,35,
49809,-15780,38,
49800,-15778,41,
49803,-15775,44,
49793,-15773,46,
49795,-15771,48,
49779,-15770,51,
49787,-15769,52,
49787,-15768,54,
49762,-15768,55,
49769,-15768,55,
49737,-15771,52,
49750,-15772,49,
49720,-15775,44,
49739,-15777,39,
49743,-15778,33,
49732,-15779,26,
49739,-15780,19,
49739,-15781,12,
49738,-15784,-3,
49735,-15785,-9,
49735,-15786,-14,
49738,-15787,-18,
49732,-15788,-22,
49729,-15789,-24,
49744,-15789,-26,
49747,-15789,-26,
49732,-15790,-26,
49737,-15791,-26,
49746,-15791,-25,
49755,-15790,-24,
49740,-15791,-21,
49745,-15791,-19,
49759,-15790,-17,
49760,-15790,-15,
49758,-15789,-13,
49769,-15788,-11,
49754,-15787,-9,
49758,-15787,-7,
49773,-15784,-2,
49764,-15784,0,
49776,-15782,3,
49771,-15781,6,
49792,-15779,8,
49777,-15778,11,
49797,-15775,13,
49799,-15773,15,
49809,-15770,18,
49812,-15767,21,
49820,-15764,23,
49846,-15759,26,
49825,-15753,33,
49825,-15750,36,
49832,-15747,40,
49824,-15745,44,
49830,-15743,48,
49813,-15742,51,
49805,-15741,54,
49809,-15740,57,
49774,-15743,58,
49787,-15743,57,
49770,-15745,55,
49773,-15746,51,
49756,-15748,46,
49772,-15749,40,
49759,-15751,33,
49774,-15752,25,
49771,-15753,10,
49768,-15754,3,
49785,-15754,-3,
49785,-15754,-9,
49790,-15753,-13,
49791,-15753,-16,
49781,-15753,-18,
49765,-15754,-18,
49777,-15754,-18,
49798,-15753,-17,
49783,-15753,-15,
49780,-15754,-13,
49783,-15753,-9,
49785,-15752,-7,
49795,-15752,-5,
49797,-15751,-3,
49807,-15750,-1,
49800,-15749,0,
49803,-15748,2,
49802,-15747,3,
49801,-15745,6,
49810,-15744,8,
49807,-15743,10,
49820,-15741,11,
49813,-15740,13,
49814,-15739,15,
49817,-15738,17,
49839,-15735,18,
49821,-15734,20,
49843,-15731,21,
49844,-15729,23,
49854,-15726,24,
49862,-15719,28,
49860,-15717,30,
49846,-15715,33,
49847,-15713,35,
49843,-15712,38,
49829,-15712,40,
49818,-15712,43,
49817,-15713,44,
49812,-15715,45,
49791,-15717,43,
49785,-15719,41,
49777,-15722,37,
49770,-15724,31,
49759,-15728,25,
49752,-15731,17,
49741,-15735,9,
49747,-15742,-9,
49745,-15745,-17,
49721,-15750,-26,
49730,-15753,-34,
49731,-15757,-42,
49713,-15761,-49,
49712,-15765,-55,
49706,-15769,-60,
49718,-15772,-65,
49700,-15776,-69,
49721,-15778,-72,
49712,-15781,-74,
49715,-15787,-77,
49707,-15789,-78,
49691,-15793,-78,
49708,-15795,-77,
49701,-15798,-76,
49711,-15799,-75,
49704,-15801,-73,
49714,-15803,-71,
49723,-15804,-66,
49737,-15804,-63,
49724,-15804,-60,
49736,-15804,-56,
49717,-15805,-52,
49741,-15804,-48,
49765,-15802,-43,
49756,-15801,-38,
49756,-15800,-33,
49783,-15797,-27,
49777,-15794,-21,
49776,-15792,-15,
49773,-15788,-3,
49773,-15787,3,
49771,-15785,9,
49759,-15785,15,
49772,-15784,20,
49754,-15784,24,
49742,-15784,28,
49738,-15785,30,
49739,-15786,32,
49735,-15787,31,
49743,-15787,29,
49726,-15789,26,
49723,-15790,22,
49737,-15791,18,
49730,-15792,13,
49744,-15792,8,
49735,-15793,-1,
49731,-15794,-5,
49733,-15795,-8,
49737,-15795,-11,
49735,-15795,-13,
49749,-15795,-14,
49738,-15795,-15,
49743,-15795,-15,
49737,-15795,-15,
49729,-15796,-14,
49745,-15796,-13,
49748,-15795,-12,
49746,-15794,-9,
49749,-15793,-8,
49764,-15792,-6,
49754,-15791,-4,
49765,-15790,-2,
49768,-15789,0,
49769,-15787,2,
49766,-15786,4,
49778,-15783,8,
49790,-15781,11,
49791,-15779,13,
49796,-15777,16,
49811,-15773,18,
49838,-15769,21,
49814,-15766,24,
49836,-15762,28,
49830,-15758,31,
49832,-15755,35,
49830,-15752,39,
49828,-15749,44,
49822,-15745,52,
49805,-15744,55,
49824,-15742,59,
49786,-15743,61,
49791,-15743,62,
49773,-15744,61,
49783,-15745,60,
49779,-15746,57,
49758,-15749,47,
49768,-15750,41,
49777,-15750,34,
49772,-15751,27,
49764,-15753,19,
49769,-15754,12,
49777,-15754,5,
49760,-15755,-1,
49785,-15755,-6,
49764,-15756,-10,
49778,-15756,-14,
49773,-15757,-16,
49751,-15759,-19,
49770,-15760,-19,
49751,-15762,-19,
49774,-15762,-19,
49773,-15762,-18,
49788,-15761,-17,
49786,-15760,-17,
49791,-15759,-16,
49787,-15757,-14,
49794,-15756,-12,
49791,-15756,-10,
49803,-15754,-8,
49815,-15752,-5,
49798,-15751,-2,
49808,-15750,1,
49824,-15748,5,
49820,-15744,12,
49829,-15742,15,
49817,-15741,18,
49840,-15738,21,
49851,-15734,24,
49845,-15732,27,
49862,-15728,30,
49841,-15726,33,
49864,-15723,36,
49848,-15721,38,
49844,-15719,41,
49830,-15718,44,
49831,-15717,48,
49822,-15717,49,
49808,-15717,49,
49805,-15718,49,
49792,-15720,47,
49788,-15722,44,
49795,-15723,41,
49785,-15725,36,
49782,-15729,24,
49799,-15729,17,
49781,-15731,10,
49779,-15733,3,
49772,-15735,-4,
49778,-15736,-11,
49783,-15737,-16,
49789,-15738,-21,
49759,-15740,-25,
49766,-15742,-28,
49769,-15744,-30,
49764,-15746,-31,
49773,-15748,-33,
49759,-15750,-33,
49774,-15751,-34,
49769,-15752,-33,
49752,-15754,-33,
49771,-15755,-33,
49768,-15755,-33,
49775,-15756,-33,
49779,-15756,-31,
49777,-15757,-30,
49786,-15756,-29,
49766,-15757,-27,
49789,-15756,-25,
49799,-15755,-23,
49803,-15754,-21,
49798,-15753,-18,
49826,-15749,-12,
49813,-15747,-8,
49817,-15746,-4,
49813,-15744,0,
49840,-15741,4,
49818,-15740,8,
49810,-15739,12,
49795,-15739,16,
49798,-15739,20,
49800,-15739,23,
49797,-15739,25,
49806,-15738,27,
49791,-15740,28,
49785,-15740,27,
49775,-15742,25,
49779,-15743,22,
49761,-15745,18,
49767,-15746,14,
49769,-15748,10,
49777,-15748,6,
49757,-15752,-3,
49762,-15753,-7,
49773,-15754,-11,
49783,-15754,-15,
49765,-15755,-18,
49769,-15756,-20,
49754,-15757,-22,
49765,-15758,-23,
49756,-15760,-24,
49772,-15760,-25,
49769,-15760,-25,
49774,-15760,-24,
49788,-15760,-23,
49777,-15760,-22,
49774,-15760,-20,
49770,-15760,-19,
49785,-15760,-17,
49788,-15759,-15,
49787,-15758,-13,
49803,-15757,-11,
49789,-15755,-6,
49798,-15754,-3,
49797,-15753,0,
49815,-15751,2,
49808,-15750,5,
49827,-15747,8,
49825,-15745,10,
49857,-15741,13,
49856,-15733,20,
49865,-15729,23,
49849,-15727,27,
49855,-15724,31,
49851,-15722,36,
49849,-15719,41,
49860,-15717,45,
49846,-15715,49,
49873,-15712,53,
49869,-15709,56,
49893,-15705,59,
49895,-15701,61,
49925,-15691,63,
49937,-15686,64,
49966,-15678,65,
49981,-15671,67,
50019,-15661,70,
50073,-15649,74,
50128,-15634,80,
50183,-15616,88,
50334,-15571,112,
50406,-15543,129,
50465,-15514,151,
50505,-15484,176,
50574,-15451,205,
50618,-15418,238,
50630,-15386,275,
50639,-15355,315,
50591,-15330,356,
50572,-15307,398,
50559,-15286,439,
50557,-15267,476,
50661,-15224,537,
50720,-15199,558,
50775,-15171,572,
50807,-15144,580,
50821,-15117,581,
50841,-15091,578,
50816,-15067,572,
50781,-15048,563,
50704,-15020,544,
50669,-15010,534,
50584,-15007,524,
50528,-15007,512,
50437,-15013,497,
50328,-15025,477,
50228,-15043,452,
50114,-15066,418,
49995,-15096,376,
49862,-15132,323,
49808,-15169,261,
49802,-15205,190,
49879,-15262,27,
49946,-15283,-61,
50020,-15297,-148,
50031,-15310,-231,
50055,-15321,-307,
50083,-15329,-373,
50104,-15336,-426,
50145,-15339,-464,
50065,-15353,-493,
50052,-15362,-485,
50054,-15369,-464,
50111,-15373,-434,
50115,-15376,-397,
50160,-15376,-356,
50181,-15375,-314,
50188,-15373,-273,
50241,-15365,-200,
50258,-15360,-168,
50271,-15354,-140,
50280,-15348,-114,
50306,-15340,-89,
50300,-15334,-66,
50336,-15326,-43,
50373,-15315,-20,
50369,-15306,3,
50379,-15297,26,
50384,-15288,49,
50386,-15279,70,
50341,-15267,108,
50324,-15264,124,
50342,-15259,136,
50361,-15254,147,
50357,-15250,154,
50360,-15245,158,
50379,-15239,160,
50404,-15233,159,
50404,-15220,152,
50411,-15214,147,
50407,-15209,142,
50383,-15205,136,
50342,-15205,131,
50346,-15204,126,
50356,-15202,122,
50342,-15202,117,
50336,-15202,113,
50320,-15203,108,
50319,-15204,102,
50262,-15208,95,
50259,-15215,77,
50229,-15221,65,
50180,-15230,52,
50136,-15240,37,
50068,-15255,20,
50006,-15272,2,
50004,-15288,-18,
49988,-15304,-39,
49913,-15340,-87,
49824,-15363,-114,
49747,-15390,-142,
49646,-15421,-173,
49606,-15453,-206,
49548,-15486,-241,
49479,-15522,-277,
49422,-15559,-315,
49315,-15636,-396,
49287,-15675,-439,
49282,-15711,-481,
49285,-15745,-523,
49276,-15777,-565,
49223,-15810,-604,
49142,-15847,-640,
49084,-15885,-672,
49042,-15923,-701,
49040,-15959,-724,
49050,-15992,-743,
49056,-16022,-756,
49029,-16081,-770,
49005,-16109,-771,
49015,-16135,-768,
49016,-16159,-762,
49024,-16181,-753,
49029,-16201,-742,
49037,-16220,-727,
49036,-16238,-710,
49043,-16269,-667,
49055,-16282,-641,
49048,-16295,-613,
49045,-16308,-584,
49004,-16322,-553,
48989,-16336,-522,
48966,-16350,-492,
48932,-16366,-462,
48920,-16382,-434,
48896,-16398,-409,
48869,-16415,-387,
48820,-16434,-369,
48748,-16474,-344,
48717,-16495,-338,
48729,-16515,-335,
48721,-16534,-336,
48727,-16551,-340,
48732,-16567,-347,
48739,-16581,-354,
48737,-16595,-363,
48723,-16620,-376,
48735,-16631,-380,
48749,-16641,-381,
48777,-16648,-379,
48817,-16653,-373,
48852,-16655,-363,
48848,-16657,-350,
48860,-16658,-333,
48829,-16661,-313,
48818,-16665,-291,
48784,-16670,-267,
48772,-16676,-243,
48768,-16687,-195,
48772,-16691,-173,
48787,-16695,-153,
48782,-16699,-136,
48773,-16703,-122,
48766,-16707,-111,
48748,-16712,-104,
48748,-16717,-98,
48755,-16725,-94,
48773,-16727,-93,
48781,-16729,-93,
48779,-16731,-93,
48777,-16732,-93,
48774,-16734,-92,
48759,-16737,-90,
48737,-16741,-87,
48675,-16754,-81,
48642,-16763,-78,
48602,-16773,-76,
48591,-16784,-76,
48571,-16796,-78,
48568,-16806,-81,
48532,-16819,-88,
48539,-16830,-96,
48537,-16841,-108,
48536,-16851,-121,
48535,-16860,-135,
48532,-16869,-150,
48524,-16886,-179,
48535,-16893,-191,
48551,-16899,-200,
48540,-16905,-207,
48508,-16913,-211,
48504,-16920,-212,
48485,-16929,-211,
48492,-16936,-207,
48472,-16951,-196,
48461,-16959,-190,
48490,-16964,-183,
48496,-16969,-177,
48504,-16973,-172,
48514,-16976,-166,
48508,-16979,-162,
48523,-16981,-157,
48512,-16984,-152,
48505,-16987,-146,
48525,-16989,-140,
48537,-16989,-133,
48526,-16992,-117,
48547,-16992,-108,
48537,-16992,-98,
48545,-16992,-88,
48545,-16992,-78,
48542,-16992,-68,
48530,-16993,-59,
48555,-16992,-50,
48558,-16991,-35,
48568,-16990,-29,
48586,-16987,-23,
48583,-16985,-17,
48603,-16982,-12,
48589,-16980,-7,
48580,-16978,-2,
48569,-16978,3,
48526,-16980,12,
48539,-16981,15,
48524,-16983,18,
48523,-16985,20,
48503,-16988,21,
48505,-16991,21,
48491,-16994,18,
48499,-16997,15,
48491,-17000,9,
48492,-17003,3,
48494,-17005,-4,
48507,-17007,-12,
48503,-17010,-28,
48500,-17011,-34,
48502,-17013,-40,
48508,-17014,-44,
48517,-17014,-47,
48513,-17015,-48,
48530,-17014,-48,
48539,-17013,-46,
48543,-17010,-41,
48543,-17009,-36,
48564,-17007,-31,
48556,-17005,-26,
48564,-17003,-20,
48580,-17000,-14,
48582,-16997,-7,
48582,-16995,-1,
48594,-16992,6,
48615,-16987,12,
48611,-16983,19,
48611,-16980,25,
48623,-16972,38,
48626,-16969,43,
48635,-16964,49,
48657,-16959,54,
48664,-16954,59,
48656,-16949,64,
48655,-16945,69,
48667,-16940,73,
48698,-16929,81,
48704,-16923,84,
48701,-16917,88,
48702,-16912,91,
48699,-16908,95,
48681,-16904,98,
48643,-16904,100,
48629,-16904,102,
48623,-16904,102,
48603,-16906,100,
48584,-16909,97,
48588,-16911,91,
48589,-16914,84,