84709.0

84707.0

84708.0

84694.0

84686.0

84678.0

84687.0

84682.0

84673.0

84669.0

84679.0

84664.0

84678.0

84664.0

84672.0

84694.0

84697.0

84683.0

84677.0

84677.0

84679.0

84661.0

84666.0

84651.0

84669.0

84664.0

84678.0

84656.0

84658.0

84664.0

84685.0

84689.0

84691.0

84681.0

84691.0

84689.0

84683.0

84677.0

84697.0

84678.0

84674.0

84678.0

84682.0

84681.0

84697.0

84695.0

84686.0

84683.0

84697.0

84690.0

84691.0

84697.0

84699.0

84693.0

84697.0

84684.0

84674.0

84689.0

84687.0

84678.0

84671.0

84674.0

84677.0

84663.0

84661.0

84648.0

84653.0

84643.0

84645.0

84631.0

84618.0

84603.0

84600.0

84593.0

84589.0

84577.0

84575.0

84566.0

84569.0

84570.0

84574.0

84557.0

84568.0

84553.0

84576.0

84547.0

84573.0

84563.0

84578.0

84567.0

84591.0

84586.0

84589.0

84590.0

84599.0

84595.0

84592.0

84592.0

84613.0

84616.0

84607.0

84616.0

84622.0

84625.0

84624.0

84618.0

84622.0

84618.0

84614.0

84617.0

84618.0

84618.0

84627.0

84647.0

84641.0

84637.0

84636.0

84629.0

84631.0

84628.0

84624.0

84634.0

84645.0

84639.0

84660.0

84652.0

84648.0

84641.0

84659.0

84644.0

84657.0

84652.0

84641.0

84642.0

84647.0

84645.0

84665.0

84644.0

84642.0

84645.0

84629.0

84632.0

84616.0

84623.0

84610.0

84603.0

84597.0

84601.0

84582.0

84575.0

84561.0

84569.0

84555.0

84558.0

84550.0

84551.0

84529.0

84543.0

84546.0

84529.0

84548.0

84539.0

84546.0

84549.0

84539.0

84559.0

84575.0

84566.0

84579.0

84580.0

84575.0

84587.0

84585.0

84590.0

84582.0

84595.0

84592.0

84610.0

84601.0

84606.0

84601.0

84594.0

84603.0

84609.0

84616.0

84636.0

84628.0

84642.0

84637.0

84635.0

84640.0

84645.0

84627.0

84633.0

84636.0

84635.0

84655.0

84631.0

84648.0

84648.0

84668.0

84647.0

84655.0

84663.0

84655.0

84649.0

84666.0

84653.0

84656.0

84652.0

84663.0

84653.0

84661.0

84655.0

84636.0

84648.0

84642.0

84650.0

84632.0

84618.0

84625.0

84628.0

84612.0

84605.0

84590.0

84572.0

84594.0

84576.0

84585.0

84566.0

84559.0

84578.0

84559.0

84560.0

84564.0

84562.0

84543.0

84561.0

84562.0

84560.0

84552.0

84554.0

84549.0

84546.0

84552.0

84538.0

84560.0

84554.0

84570.0

84547.0

84547.0

84553.0

84560.0

84581.0

84558.0

84566.0

84571.0

84561.0

84568.0

84571.0

84577.0

84567.0

84575.0

84578.0

84593.0

84583.0

84585.0

84590.0

84585.0

84584.0

84591.0

84590.0

84603.0

84591.0

84601.0

84593.0

84601.0

84595.0

84601.0

84596.0

84593.0

84585.0

84595.0

84602.0

84615.0

84599.0

84593.0

84611.0

84590.0

84599.0

84583.0

84613.0

84594.0

84592.0

84591.0

84598.0

84598.0

84607.0

84574.0

84574.0

84566.0

84560.0

84548.0

84545.0

84525.0

84512.0

84531.0

84509.0

84504.0

84492.0

84488.0

84494.0

84491.0

84491.0

84477.0

84479.0

84480.0

84476.0

84480.0

84485.0

84490.0

84475.0

84486.0

84473.0

84479.0

84478.0

84480.0

84497.0

84482.0

84481.0

84480.0

84490.0

84471.0

84483.0

84479.0

84491.0

84472.0

84504.0

84471.0

84493.0

84474.0

84489.0

84494.0

84491.0

84484.0

84503.0

84500.0

84505.0

84500.0

84493.0

84495.0

84507.0

84507.0

84503.0

84511.0

84525.0

84521.0

84520.0

84536.0

84534.0

84545.0

84542.0

84547.0

84541.0

84562.0

84560.0

84545.0

84554.0

84541.0

84560.0

84549.0

84551.0

84540.0

84535.0

84528.0

84533.0

84529.0

84532.0

84510.0

84512.0

84509.0

84487.0

84501.0

84501.0

84497.0

84494.0

84485.0

84503.0

84504.0

84517.0

84503.0

84516.0

84499.0

84524.0

84504.0

84518.0

84517.0

84506.0

84509.0

84503.0

84525.0

84533.0

84519.0

84536.0

84533.0

84536.0

84534.0

84549.0

84542.0

84557.0

84566.0

84561.0

84579.0

84570.0

84564.0

84554.0

84575.0

84589.0

84581.0

84580.0

84578.0

84568.0

84583.0

84592.0

84599.0

84600.0

84597.0

84594.0

84604.0

84620.0

84612.0

84614.0

84620.0

84621.0

84621.0

84618.0

84623.0

84618.0

84616.0

84621.0

84613.0

84623.0

84616.0

84624.0

84620.0

84608.0

84608.0

84611.0

84605.0

84584.0

84579.0

84575.0

84572.0

84569.0

84561.0

84570.0

84549.0

84546.0

84546.0

84531.0

84544.0

84530.0

84525.0

84539.0

84540.0

84542.0

84544.0

84531.0

84547.0

84547.0

84547.0

84551.0

84559.0

84550.0

84550.0

84553.0

84567.0

84563.0

84572.0

84567.0

84574.0

84567.0

84567.0

84580.0

84572.0

84570.0

84581.0

84591.0

84582.0

84591.0

84590.0

84589.0

84595.0

84602.0

84606.0

84607.0

84608.0

84605.0

84611.0

84611.0

84617.0

84625.0

84630.0

84617.0

84626.0

84625.0

84627.0

84625.0

84634.0

84646.0

84637.0

84655.0

84643.0

84661.0

84661.0

84652.0

84668.0

84666.0

84661.0

84659.0

84671.0

84674.0

84670.0

84667.0

84675.0

84654.0

84655.0

84644.0

84659.0

84635.0

84626.0

84614.0

84620.0

84612.0

84611.0

84602.0

84590.0

84594.0

84591.0

84580.0

84585.0

84574.0

84571.0

84579.0

84569.0

84581.0

84558.0

84561.0

84557.0

84565.0

84558.0

84571.0

84553.0

84579.0

84570.0

84580.0

84580.0

84595.0

84590.0

84558.0

84588.0

84579.0

84586.0

84583.0

84576.0

84592.0

84587.0

84594.0

84600.0

84591.0

84587.0

84588.0

84603.0

84599.0

84601.0

84602.0

84598.0

84608.0

84609.0

84612.0

84611.0

84615.0

84607.0

84613.0

84619.0

84619.0

84612.0

84607.0

84613.0

84617.0

84615.0

84614.0

84609.0

84611.0

84617.0

84620.0

84630.0

84620.0

84635.0

84618.0

84623.0

84616.0

84633.0

84621.0

84617.0

84627.0

84631.0

84612.0

84637.0

84620.0

84632.0

84625.0

84608.0

84616.0

84594.0

84594.0

84604.0

84588.0

84570.0

84577.0

84560.0

84568.0

84558.0

84536.0

84529.0

84514.0

84515.0

84521.0

84522.0

84514.0

84524.0

84495.0

84509.0

84529.0

84518.0

84502.0

84516.0

84513.0

84512.0

84515.0

84526.0

84499.0

84524.0

84513.0

84529.0

84520.0

84532.0

84537.0

84544.0

84525.0

84539.0

84544.0

84546.0

84539.0

84537.0

84550.0

84541.0

84548.0

84546.0

84561.0

84553.0

84557.0

84568.0

84564.0

84575.0

84579.0

84588.0

84575.0

84566.0

84577.0

84577.0

84576.0

84604.0

84583.0

84598.0

84577.0

84587.0

84601.0

84599.0

84598.0

84616.0

84603.0

84608.0

84611.0

84611.0

84621.0

84626.0

84612.0

84611.0

84624.0

84627.0

84624.0

84627.0

84618.0

84629.0

84633.0

84623.0

84626.0

84630.0

84645.0

84616.0

84621.0

84623.0

84626.0

84602.0

84595.0

84577.0

84584.0

84555.0

84573.0

84558.0

84555.0

84567.0

84570.0

84559.0

84543.0

84551.0

84551.0

84557.0

84552.0

84550.0

84549.0

84551.0

84545.0

84563.0

84555.0

84555.0

84563.0

84569.0

84561.0

84552.0

84572.0

84582.0

84590.0

84563.0

84567.0

84583.0

84583.0

84583.0

84588.0

84591.0

84612.0

84612.0

84597.0

84597.0

84608.0

84601.0

84616.0

84609.0

84593.0

84614.0

84617.0

84617.0

84611.0

84609.0

84611.0

84621.0

84609.0

84619.0

84628.0

84634.0

84613.0

84638.0

84638.0

84626.0

84634.0

84644.0

84641.0

84650.0

84632.0

84645.0

84622.0

84643.0

84652.0

84663.0

84660.0

84655.0

84662.0

84642.0

84658.0

84669.0

84660.0

84662.0

84669.0

84657.0

84658.0

84657.0

84650.0

84655.0

84660.0

84635.0

84645.0

84625.0

84612.0

84601.0

84591.0

84578.0

84573.0

84578.0

84572.0

84581.0

84574.0

84586.0

84567.0

84577.0

84567.0

84581.0

84567.0

84569.0

84564.0

84572.0

84573.0

84566.0

84582.0

84572.0

84580.0

84579.0

84572.0

84571.0

84583.0

84582.0

84584.0

84598.0

84584.0

84589.0

84575.0

84585.0

84588.0

84590.0

84580.0

84576.0

84600.0

84602.0

84581.0

84605.0

84598.0

84598.0

84586.0

84606.0

84599.0

84597.0

84599.0

84589.0

84593.0

84601.0

84591.0

84596.0

84604.0

84594.0

84584.0

84607.0

84605.0

84590.0

84577.0

84594.0

84591.0

84594.0

84591.0

84593.0

84590.0

84588.0

84588.0

84593.0

84586.0

84592.0

84602.0

84594.0

84589.0

84583.0

84585.0

84578.0

84577.0

84575.0

84568.0

84549.0

84552.0

84542.0

84566.0

84532.0

84525.0

84527.0

84509.0

84501.0

84494.0

84466.0

84462.0

84465.0

84451.0

84462.0

84457.0

84460.0

84450.0

84448.0

84441.0

84451.0

84444.0

84451.0

84452.0

84443.0

84447.0

84461.0

84463.0

84461.0

84461.0

84455.0

84468.0

84450.0

84461.0

84462.0

84474.0

84459.0

84467.0

84473.0

84479.0

84489.0

84479.0

84481.0

84478.0

84482.0

84489.0

84491.0

84475.0

84498.0

84495.0

84519.0

84508.0

84513.0

84505.0

84505.0

84502.0

84524.0

84528.0

84530.0

84529.0

84538.0

84529.0

84534.0

84546.0

84539.0

84526.0

84549.0

84549.0

84547.0

84534.0

84572.0

84563.0

84568.0

84561.0

84577.0

84562.0

84557.0

84563.0

84565.0

84558.0

84550.0

84568.0

84547.0

84540.0

84536.0

84533.0

84507.0

84512.0

84510.0

84506.0

84496.0

84492.0

84487.0

84477.0

84477.0

84462.0

84483.0

84485.0

84486.0

84462.0

84473.0

84480.0

84482.0

84478.0

84495.0

84498.0

84491.0

84483.0

84493.0

84491.0

84500.0

84505.0

84498.0

84498.0

84517.0

84492.0

84523.0

84522.0

84510.0

84522.0

84521.0

84519.0

84519.0

84524.0

84518.0

84550.0

84525.0

84540.0

84533.0

84543.0

84546.0

84549.0

84535.0

84542.0

84550.0

84581.0

84560.0

84562.0

84555.0

84568.0

84563.0

84560.0

84583.0

84591.0

84588.0

84581.0

84583.0

84584.0

84590.0

84601.0

84587.0

84593.0

84594.0

84610.0

84584.0

84587.0

84604.0

84594.0

84596.0

84595.0

84584.0

84586.0

84592.0

84585.0

84582.0

84586.0

84567.0

84552.0

84527.0

84530.0

84534.0

84496.0

84509.0

84511.0

84505.0

84498.0

84486.0

84480.0

84483.0

84482.0

84485.0

84468.0

84495.0

84472.0

84479.0

84480.0

84498.0

84506.0

84487.0

84494.0

84493.0

84493.0

84515.0

84508.0

84502.0

84508.0

84511.0

84512.0

84492.0

84505.0

84517.0

84525.0

84522.0

84522.0

84528.0

84520.0

84528.0

84514.0

84517.0

84516.0

84526.0

84521.0

84523.0

84525.0

84524.0

84531.0

84522.0

84530.0

84532.0

84530.0

84540.0

84540.0

84527.0

84528.0

84544.0

84536.0

84537.0

84549.0

84541.0

84538.0

84543.0

84538.0

84543.0

84546.0

84540.0

84539.0

84530.0

84533.0

84538.0

84534.0

84543.0

84515.0

84548.0

84532.0

84521.0

84515.0

84509.0

84516.0

84495.0

84475.0

84483.0

84467.0

84460.0

84449.0

84444.0

84430.0

84432.0

84421.0

84413.0

84413.0

84400.0

84404.0

84407.0

84405.0

84396.0

84385.0

84363.0

84402.0

84405.0

84387.0

84405.0

84401.0

84399.0

84393.0

84419.0

84405.0

84409.0

84413.0

84405.0

84396.0

84410.0

84424.0

84422.0

84415.0

84395.0

84419.0

84409.0

84424.0

84422.0

84433.0

84425.0

84428.0

84431.0

84429.0

84444.0

84444.0

84442.0

84447.0

84433.0

84448.0

84452.0

84440.0

84446.0

84470.0

84456.0

84460.0

84473.0

84466.0

84481.0

84474.0

84475.0

84485.0

84486.0

84476.0

84488.0

84485.0

84492.0

84498.0

84501.0

84499.0

84504.0

84507.0

84491.0

84500.0

84503.0

84508.0

84489.0

84494.0

84474.0

84475.0

84455.0

84448.0

84447.0

84454.0

84423.0

84441.0

84433.0

84416.0

84407.0

84411.0

84408.0

84418.0

84405.0

84401.0

84412.0

84405.0

84414.0

84410.0

84398.0

84412.0

84430.0

84415.0

84434.0

84431.0

84434.0

84442.0

84436.0

84440.0

84447.0

84462.0

84433.0

84452.0

84456.0

84457.0

84451.0

84462.0

84460.0

84478.0

84474.0

84482.0

84487.0

84486.0

84483.0

84487.0

84476.0

84496.0

84493.0

84494.0

84489.0

84486.0

84497.0

84512.0

84506.0

84507.0

84520.0

84515.0

84510.0

84513.0

84512.0

84516.0

84519.0

84531.0

84527.0

84520.0

84523.0

84536.0

84523.0

84525.0

84539.0

84534.0

84548.0

84550.0

84539.0

84548.0

84543.0

84551.0

84546.0

84543.0

84540.0

84538.0

84525.0

84511.0

84514.0

84525.0

84490.0

84482.0

84465.0

84464.0

84453.0

84454.0

84446.0

84440.0

84431.0

84443.0

84424.0

84441.0

84437.0

84442.0

84423.0

84443.0

84430.0

84428.0

84438.0

84406.0

84431.0

84429.0

84448.0

84444.0

84446.0

84446.0

84440.0

84443.0

84459.0

84446.0

84445.0

84476.0

84461.0

84458.0

84472.0

84475.0

84473.0

84484.0

84484.0

84483.0

84472.0

84485.0

84483.0

84478.0

84484.0

84482.0

84475.0

84493.0

84491.0

84483.0

84484.0

84492.0

84499.0

84500.0

84480.0

84505.0

84501.0

84489.0

84488.0

84475.0

84503.0

84505.0

84501.0

84497.0

84509.0

84491.0

84489.0

84502.0

84494.0

84486.0

84498.0

84505.0

84506.0

84488.0

84494.0

84503.0

84481.0

84488.0

84490.0

84483.0

84484.0

84468.0

84466.0

84446.0

84441.0

84429.0

84410.0

84400.0

84395.0

84389.0

84367.0

84367.0

84366.0

84355.0

84336.0

84356.0

84340.0

84338.0

84335.0

84335.0

84330.0

84360.0

84338.0

84339.0

84338.0

84344.0

84350.0

84345.0

84338.0

84354.0

84362.0

84350.0

84349.0

84355.0

84357.0

84350.0

84358.0

84364.0

84350.0

84367.0

84358.0

84373.0

84377.0

84376.0

84383.0

84377.0

84385.0

84385.0

84379.0

84392.0

84396.0

84408.0

84386.0

84406.0

84403.0

84405.0

84424.0

84412.0

84406.0

84413.0

84408.0

84415.0

84436.0

84436.0

84440.0

84451.0

84439.0

84457.0

84446.0

84445.0

84458.0

84468.0

84468.0

84461.0

84472.0

84471.0

84467.0

84468.0

84464.0

84472.0

84467.0

84455.0

84453.0

84448.0

84452.0

84430.0

84421.0

84413.0

84406.0

84402.0

84394.0

84401.0

84379.0

84383.0

84387.0

84382.0

84371.0

84385.0

84385.0

84384.0

84383.0

84382.0

84388.0

84385.0

84407.0

84404.0

84400.0

84406.0

84405.0

84416.0

84400.0

84413.0

84416.0

84429.0

84422.0

84437.0

84421.0

84429.0

84418.0

84431.0

84435.0

84440.0

84436.0

84448.0

84453.0

84446.0

84453.0

84463.0

84459.0

84462.0

84455.0

84477.0

84477.0

84474.0

84470.0

84476.0

84481.0

84474.0

84475.0

84480.0

84488.0

84482.0

84475.0

84485.0

84493.0

84487.0

84494.0

84485.0

84522.0

84501.0

84508.0

84504.0

84513.0

84509.0

84520.0

84518.0

84525.0

84519.0

84526.0

84520.0

84521.0

84514.0

84512.0

84524.0

84517.0

84510.0

84512.0

84480.0

84471.0

84460.0

84461.0

84444.0

84444.0

84426.0

84428.0

84397.0

84410.0

84408.0

84408.0

84407.0

84407.0

84396.0

84401.0

84396.0

84387.0

84414.0

84394.0

84402.0

84417.0

84410.0

84433.0

84424.0

84434.0

84430.0

84417.0

84419.0

84418.0

84447.0

84425.0

84435.0

84434.0

84449.0

84450.0

84449.0

84436.0

84429.0

84449.0

84466.0

84450.0

84458.0

84459.0

84463.0

84469.0

84471.0

84471.0

84471.0

84479.0

84485.0

84472.0

84484.0

84484.0

84488.0

84480.0

84477.0

84489.0

84489.0

84468.0

84495.0

84488.0

84483.0

84495.0

84487.0

84501.0

84512.0

84515.0

84512.0

84511.0

84496.0

84513.0

84499.0

84508.0

84504.0

84520.0

84515.0

84514.0

84526.0

84511.0

84512.0

84526.0

84513.0

84506.0

84499.0

84499.0

84481.0

84479.0

84473.0

84448.0

84435.0

84435.0

84413.0

84405.0

84401.0

84403.0

84379.0

84393.0

84382.0

84380.0

84369.0

84372.0

84365.0

84379.0

84373.0

84369.0

84351.0

84370.0

84360.0

84383.0

84366.0

84362.0

84365.0

84374.0

84377.0

84383.0

84364.0

84378.0

84377.0

84390.0

84390.0

84379.0

84374.0

84387.0

84374.0

84390.0

84375.0

84401.0

84392.0

84408.0

84390.0

84398.0

84395.0

84407.0

84408.0

84412.0

84402.0

84416.0

84415.0

84409.0

84403.0

84422.0

84411.0

84418.0

84413.0

84422.0

84413.0

84422.0

84436.0

84430.0

84441.0

84431.0

84439.0

84444.0

84456.0

84448.0

84454.0

84459.0

84444.0

84459.0

84473.0

84483.0

84464.0

84468.0

84453.0

84458.0

84465.0

84478.0

84462.0

84447.0

84447.0

84441.0

84431.0

84436.0

84415.0

84421.0

84393.0

84405.0

84396.0

84390.0

84390.0

84390.0

84381.0

84389.0

84378.0

84389.0

84372.0

84403.0

84388.0

84379.0

84387.0

84402.0

84391.0

84412.0

84405.0

84401.0

84406.0

84409.0

84411.0

84418.0

84418.0

84417.0

84425.0

84419.0

84430.0

84429.0

84430.0

84433.0

84437.0

84445.0

84449.0

84448.0

84445.0

84437.0

84455.0

84442.0

84454.0

84459.0

84467.0

84460.0

84466.0

84477.0

84457.0

84470.0

84470.0

84479.0

84469.0

84490.0

84475.0

84483.0

84479.0

84484.0

84480.0

84494.0

84486.0

84500.0

84498.0

84486.0

84500.0

84495.0

84512.0

84501.0

84515.0

84507.0

84525.0

84515.0

84516.0

84510.0

84511.0

84517.0

84509.0

84503.0

84507.0

84500.0

84504.0

84504.0

84474.0

84469.0

84467.0

84443.0

84460.0

84421.0

84415.0

84423.0

84414.0

84404.0

84395.0

84397.0

84394.0

84399.0

84381.0

84388.0

84382.0

84379.0

84388.0

84406.0

84396.0

84392.0

84394.0

84397.0

84392.0

84389.0

84403.0

84403.0

84406.0

84404.0

84423.0

84422.0

84402.0

84409.0

84413.0

84418.0

84390.0

84429.0

84418.0

84403.0

84407.0

84421.0

84422.0

84434.0

84436.0

84437.0

84431.0

84429.0

84413.0

84422.0

84427.0

84420.0

84432.0

84420.0

84434.0

84427.0

84429.0

84413.0

84413.0

84432.0

84426.0

84436.0

84435.0

84425.0

84440.0

84419.0

84424.0

84416.0

84429.0

84424.0

84428.0

84412.0

84427.0

84430.0

84423.0

84432.0

84435.0

84436.0

84427.0

84433.0

84410.0

84418.0

84422.0

84405.0

84410.0

84401.0

84407.0

84388.0

84376.0

84357.0

84354.0

84341.0

84335.0

84323.0

84317.0

84327.0

84302.0

84299.0

84280.0

84294.0

84278.0

84286.0

84278.0

84280.0

84286.0

84279.0

84290.0

84287.0

84286.0

84290.0

84283.0

84300.0

84308.0

84298.0

84309.0

84306.0

84314.0

84309.0

84310.0

84318.0

84345.0

84312.0

84315.0

84330.0

84337.0

84328.0

84339.0

84348.0

84341.0

84349.0

84367.0

84352.0

84361.0

84353.0

84353.0

84361.0

84377.0

84368.0

84388.0

84379.0

84375.0

84390.0

84380.0

84399.0

84389.0

84376.0

84401.0

84385.0

84405.0

84400.0

84422.0

84406.0

84410.0

84417.0

84412.0

84430.0

84426.0

84436.0

84424.0

84428.0

84444.0

84436.0

84439.0

84421.0

84437.0

84422.0

84438.0

84433.0

84422.0

84428.0

84420.0

84408.0

84392.0

84389.0

84382.0

84372.0

84359.0

84351.0

84347.0

84343.0

84344.0

84336.0

84335.0

84337.0

84348.0

84328.0

84347.0

84351.0

84334.0

84334.0

84339.0

84337.0

84358.0

84356.0

84364.0

84372.0

84375.0

84379.0

84377.0

84369.0

84374.0

84381.0

84383.0

84394.0

84394.0

84383.0

84397.0

84382.0

84396.0

84398.0

84422.0

84400.0

84409.0

84417.0

84417.0

84416.0

84411.0

84431.0

84430.0

84430.0

84422.0

84433.0

84430.0

84437.0

84428.0

84447.0

84425.0

84439.0

84443.0

84433.0

84444.0

84449.0

84449.0

84441.0

84456.0

84450.0

84467.0

84466.0

84484.0

84472.0

84480.0

84467.0

84482.0

84470.0

84480.0

84482.0

84491.0

84480.0

84487.0

84467.0

84484.0

84474.0

84486.0

84471.0

84480.0

84459.0

84447.0

84443.0

84425.0

84434.0

84413.0

84396.0

84397.0

84381.0

84368.0

84369.0

84387.0

84370.0

84375.0

84357.0

84362.0

84365.0

84362.0

84356.0

84366.0

84361.0

84348.0

84370.0

84371.0

84377.0

84383.0

84380.0

84389.0

84398.0

84409.0

84396.0

84414.0

84397.0

84409.0

84378.0

84409.0

84398.0

84419.0

84411.0

84423.0

84415.0

84443.0

84431.0

84439.0

84440.0

84438.0

84432.0

84430.0

84445.0

84447.0

84440.0

84446.0

84436.0

84444.0

84455.0

84452.0

84448.0

84459.0

84457.0

84447.0

84461.0

84458.0

84452.0

84477.0

84489.0

84483.0

84491.0

84476.0

84471.0

84491.0

84474.0

84497.0

84490.0

84508.0

84492.0

84492.0

84488.0

84517.0

84491.0

84483.0

84481.0

84505.0

84499.0

84500.0

84475.0

84489.0

84479.0

84454.0

84436.0

84437.0

84437.0

84420.0

84404.0

84402.0

84376.0

84377.0

84379.0

84362.0

84359.0

84356.0

84362.0

84370.0

84355.0

84367.0

84353.0

84361.0

84337.0

84340.0

84359.0

84361.0

84370.0

84345.0

84366.0

84371.0

84361.0

84369.0

84364.0

84379.0

84369.0

84358.0

84376.0

84380.0

84361.0

84376.0

84377.0

84398.0

84391.0

84373.0

84378.0

84382.0

84387.0

84401.0

84384.0

84392.0

84398.0

84397.0

84390.0

84395.0

84407.0

84407.0

84405.0

84416.0

84412.0

84394.0

84413.0

84408.0

84405.0

84420.0

84408.0

84421.0

84428.0

84421.0

84414.0

84426.0

84432.0

84446.0

84443.0

84442.0

84439.0

84446.0

84447.0

84458.0

84455.0

84467.0

84459.0

84437.0

84444.0

84452.0

84439.0

84455.0

84436.0

84433.0

84421.0

84427.0

84416.0

84399.0

84389.0

84398.0

84382.0

84396.0

84375.0

84378.0

84358.0

84370.0

84367.0

84376.0

84383.0

84379.0

84381.0

84377.0

84366.0

84385.0

84374.0

84373.0

84383.0

84387.0

84399.0

84394.0

84387.0

84399.0

84415.0

84397.0

84412.0

84406.0

84406.0

84425.0

84402.0

84412.0

84427.0

84415.0

84445.0

84428.0

84442.0

84445.0

84445.0

84439.0

84445.0

84457.0

84444.0

84456.0

84449.0

84463.0

84469.0

84455.0

84469.0

84467.0

84467.0

84467.0

84468.0

84473.0

84476.0

84466.0

84479.0

84479.0

84493.0

84476.0

84466.0

84496.0

84498.0

84501.0

84494.0

84518.0

84487.0

84507.0

84507.0

84512.0

84511.0

84522.0

84522.0

84517.0

84500.0

84502.0

84500.0

84513.0

84507.0

84499.0

84498.0

84479.0

84472.0

84447.0

84437.0

84435.0

84429.0

84423.0

84435.0

84403.0

84398.0

84407.0

84398.0

84394.0

84398.0

84406.0

84403.0

84391.0

84392.0

84372.0

84397.0

84398.0

84395.0

84407.0

84412.0

84416.0

84409.0

84418.0

84414.0

84413.0

84423.0

84414.0

84435.0

84436.0

84425.0

84436.0

84437.0

84430.0

84455.0

84441.0

84442.0

84449.0

84456.0

84472.0

84460.0

84456.0

84461.0

84478.0

84480.0

84466.0

84476.0

84476.0

84483.0

84485.0

84481.0

84487.0

84489.0

84492.0

84485.0

84497.0

84510.0

84494.0

84504.0

84497.0

84490.0

84495.0

84507.0

84509.0

84514.0

84510.0

84509.0

84527.0

84531.0

84516.0

84533.0

84534.0

84530.0

84541.0

84538.0

84519.0

84526.0

84515.0

84511.0

84530.0

84519.0

84493.0

84504.0

84480.0

84480.0

84476.0

84463.0

84440.0

84432.0

84418.0

84420.0

84422.0

84417.0

84405.0

84404.0

84390.0

84404.0

84399.0

84387.0

84394.0

84378.0

84376.0

84388.0

84385.0

84397.0

84387.0

84386.0

84386.0

84397.0

84384.0

84393.0

84388.0

84387.0

84394.0

84393.0

84383.0

84394.0

84383.0

84392.0

84398.0

84395.0

84409.0

84392.0

84390.0

84404.0

84391.0

84381.0

84397.0

84382.0

84398.0

84393.0

84407.0

84404.0

84388.0

84397.0

84395.0

84403.0

84396.0

84405.0

84404.0

84413.0

84407.0

84407.0

84393.0

84399.0

84395.0

84405.0

84394.0

84403.0

84394.0

84407.0

84403.0

84401.0

84396.0

84424.0

84410.0

84417.0

84414.0

84427.0

84424.0

84403.0

84415.0

84410.0

84401.0

84408.0

84404.0

84391.0

84383.0

84386.0

84366.0

84373.0

84360.0

84345.0

84339.0

84337.0

84313.0

84311.0

84300.0

84308.0

84303.0

84312.0

84302.0

84299.0

84305.0

84303.0

84311.0

84292.0

84302.0

84304.0

84317.0

84325.0

84325.0

84339.0

84338.0

84338.0

84328.0

84344.0

84337.0

84347.0

84356.0

84364.0

84365.0

84364.0

84367.0

84382.0

84378.0

84361.0

84387.0

84385.0

84384.0

84386.0

84394.0

84402.0

84387.0

84400.0

84386.0

84406.0

84402.0

84418.0

84419.0

84411.0

84411.0

84405.0

84419.0

84420.0

84423.0

84422.0

84430.0

84425.0

84435.0

84433.0

84431.0

84451.0

84430.0

84435.0

84439.0

84448.0

84449.0

84444.0

84450.0

84465.0

84450.0

84458.0

84453.0

84465.0

84463.0

84439.0

84433.0

84444.0

84440.0

84437.0

84431.0

84423.0

84426.0

84404.0

84394.0

84382.0

84386.0

84360.0

84350.0

84348.0

84341.0

84337.0

84328.0

84344.0

84335.0

84342.0

84344.0

84341.0

84348.0

84349.0

84335.0

84347.0

84362.0

84359.0

84347.0

84366.0

84373.0

84375.0

84374.0

84376.0

84375.0

84382.0

84379.0

84391.0

84388.0

84400.0

84394.0

84389.0

84398.0

84391.0

84402.0

84409.0

84412.0

84413.0

84416.0

84411.0

84417.0

84429.0

84425.0

84430.0

84435.0

84449.0

84451.0

84442.0

84446.0

84447.0

84455.0

84460.0

84450.0

84468.0

84455.0

84462.0

84465.0

84464.0

84452.0

84479.0

84477.0

84477.0

84492.0

84490.0

84485.0

84469.0

84491.0

84479.0

84498.0

84482.0

84494.0

84493.0

84498.0

84485.0

84492.0

84475.0

84489.0

84488.0

84483.0

84477.0

84472.0

84460.0

84445.0

84440.0

84421.0

84404.0

84408.0

84400.0

84404.0

84386.0

84398.0

84377.0

84373.0

84378.0

84351.0

84363.0

84371.0

84362.0

84365.0

84353.0

84377.0

84370.0

84373.0

84373.0

84372.0

84372.0

84382.0

84382.0

84392.0

84405.0

84389.0

84388.0

84405.0

84394.0

84395.0

84405.0

84404.0

84410.0

84418.0

84419.0

84407.0

84421.0

84417.0

84419.0

84423.0

84433.0

84439.0

84439.0

84437.0

84435.0

84432.0

84432.0

84443.0

84449.0

84462.0

84446.0

84462.0

84461.0

84458.0

84443.0

84441.0

84455.0

84446.0

84455.0

84457.0

84446.0

84447.0

84442.0

84446.0

84438.0

84457.0

84467.0

84468.0

84456.0

84464.0

84471.0

84469.0

84467.0

84470.0

84467.0

84472.0

84450.0

84468.0

84441.0

84458.0

84436.0

84442.0

84430.0

84424.0

84405.0

84400.0

84375.0

84383.0

84375.0

84361.0

84348.0

84321.0

84324.0

84321.0

84340.0

84315.0

84307.0

84314.0

84314.0

84308.0

84307.0

84313.0

84306.0

84308.0

84312.0

84317.0

84318.0

84314.0

84316.0

84326.0

84335.0

84331.0

84337.0

84344.0

84337.0

84342.0

84346.0

84335.0

84334.0

84347.0

84346.0

84352.0

84351.0

84351.0

84350.0

84346.0

84355.0

84339.0

84363.0

84353.0

84366.0

84370.0

84359.0

84374.0

84385.0

84379.0

84385.0

84396.0

84395.0

84398.0

84407.0

84390.0

84396.0

84404.0

84415.0

84398.0

84419.0

84427.0

84424.0

84443.0

84432.0

84441.0

84440.0

84440.0

84448.0

84441.0

84441.0

84451.0

84424.0

84437.0

84445.0

84446.0

84427.0

84434.0

84427.0

84409.0

84398.0

84397.0

84388.0

84380.0

84374.0

84361.0

84368.0

84337.0

84330.0

84331.0

84338.0

84334.0

84360.0

84344.0

84327.0

84350.0

84341.0

84353.0

84342.0

84343.0

84363.0

84368.0

84368.0

84377.0

84376.0

84358.0

84383.0

84379.0

84386.0

84398.0

84379.0

84399.0

84399.0

84404.0

84402.0

84407.0

84397.0

84408.0

84411.0

84404.0

84404.0

84422.0

84421.0

84420.0

84424.0

84439.0

84424.0

84433.0

84427.0

84439.0

84438.0

84440.0

84433.0

84442.0

84434.0

84426.0

84447.0

84457.0

84454.0

84449.0

84460.0

84462.0

84468.0

84467.0

84462.0

84474.0

84484.0

84476.0

84491.0

84476.0

84470.0

84483.0

84486.0

84489.0

84499.0

84484.0

84471.0

84483.0

84483.0

84478.0

84470.0

84455.0

84444.0

84450.0

84429.0

84418.0

84410.0

84404.0

84382.0

84380.0

84389.0

84389.0

84378.0

84379.0

84372.0

84366.0

84373.0

84372.0

84363.0

84373.0

84369.0

84367.0

84373.0

84381.0

84371.0

84371.0

84392.0

84390.0

84407.0

84397.0

84387.0

84406.0

84403.0

84412.0

84402.0

84390.0

84405.0

84413.0

84391.0

84419.0

84433.0

84433.0

84421.0

84436.0

84434.0

84449.0

84433.0

84437.0

84449.0

84449.0

84448.0

84456.0

84458.0

84479.0

84465.0

84467.0

84467.0

84457.0

84470.0

84474.0

84472.0

84488.0

84489.0

84478.0

84462.0

84478.0

84478.0

84482.0

84484.0

84480.0

84494.0

84506.0

84482.0

84491.0

84498.0

84491.0

84505.0

84514.0

84510.0

84510.0

84514.0

84503.0

84492.0

84500.0

84507.0

84506.0

84490.0

84497.0

84467.0

84454.0

84434.0

84430.0

84418.0

84413.0

84406.0

84408.0

84377.0

84386.0

84354.0

84376.0

84355.0

84357.0

84368.0

84347.0

84353.0

84343.0

84344.0

84349.0

84336.0

84352.0

84347.0

84336.0

84343.0

84355.0

84336.0

84339.0

84354.0

84359.0

84361.0

84352.0

84366.0

84363.0

84355.0

84356.0

84360.0

84354.0

84353.0

84353.0

84363.0

84360.0

84359.0

84362.0

84372.0

84369.0

84366.0

84373.0

84366.0

84368.0

84372.0

84356.0

84367.0

84371.0

84384.0

84387.0

84377.0

84368.0

84361.0

84370.0

84377.0

84379.0

84392.0

84372.0

84383.0

84385.0

84384.0

84362.0

84363.0

84381.0

84387.0

84381.0

84383.0

84384.0

84385.0

84377.0

84391.0

84385.0

84373.0

84387.0

84395.0

84380.0

84367.0

84369.0

84364.0

84352.0

84328.0

84336.0

84320.0

84311.0

84299.0

84314.0

84297.0

84295.0

84297.0

84299.0

84273.0

84288.0

84293.0

84278.0

84295.0

84278.0

84294.0

84289.0

84280.0

84286.0

84308.0

84295.0

84305.0

84320.0

84316.0

84325.0

84337.0

84312.0

84339.0

84327.0

84319.0

84339.0

84355.0

84330.0

84348.0

84364.0

84345.0

84341.0

84357.0

84342.0

84360.0

84363.0

84367.0

84366.0

84370.0

84371.0

84384.0

84377.0

84386.0

84383.0

84388.0

84387.0

84390.0

84379.0

84378.0

84381.0

84391.0

84402.0

84401.0

84407.0

84413.0

84407.0

84422.0

84434.0

84428.0

84433.0

84423.0

84431.0

84434.0

84440.0

84438.0

84444.0

84434.0

84426.0

84439.0

84432.0

84418.0

84421.0

84414.0

84394.0

84395.0

84370.0

84375.0

84358.0

84350.0

84354.0

84354.0

84337.0

84331.0

84328.0

84322.0

84330.0

84339.0

84330.0

84322.0

84319.0

84322.0

84315.0

84322.0

84327.0

84332.0

84328.0

84335.0

84335.0

84343.0

84343.0

84349.0

84348.0

84351.0

84355.0

84360.0

84365.0

84362.0

84363.0

84365.0

84365.0

84391.0

84389.0

84392.0

84399.0

84396.0

84387.0

84413.0

84413.0

84418.0

84400.0

84421.0

84404.0

84419.0

84419.0

84414.0

84440.0

84430.0

84425.0

84427.0

84437.0

84445.0

84452.0

84437.0

84435.0

84453.0

84453.0

84459.0

84453.0

84459.0

84452.0

84474.0

84466.0

84466.0

84452.0

84463.0

84457.0

84495.0

84486.0

84473.0

84467.0

84472.0

84461.0

84463.0

84466.0

84458.0

84437.0

84439.0

84430.0

84416.0

84407.0

84402.0

84391.0

84391.0

84364.0

84362.0

84356.0

84349.0

84341.0

84345.0

84345.0

84333.0

84356.0

84337.0

84321.0

84335.0

84342.0

84340.0

84342.0

84366.0

84364.0

84363.0

84370.0

84359.0

84370.0

84361.0

84365.0

84373.0

84376.0

84387.0

84389.0

84386.0

84379.0

84400.0

84399.0

84405.0

84395.0

84404.0

84402.0

84403.0

84393.0

84409.0

84388.0

84423.0

84411.0

84435.0

84419.0

84420.0

84411.0

84421.0

84418.0

84430.0

84415.0

84422.0

84430.0

84408.0

84424.0

84426.0

84428.0

84404.0

84426.0

84413.0

84431.0

84439.0

84428.0

84430.0

84436.0

84436.0

84416.0

84443.0

84433.0

84442.0

84439.0

84422.0

84426.0

84409.0

84426.0

84424.0

84402.0

84398.0

84393.0

84373.0

84368.0

84347.0

84336.0

84336.0

84313.0

84303.0

84303.0

84292.0

84288.0

84288.0

84290.0

84271.0

84277.0

84275.0

84267.0

84266.0

84271.0

84255.0

84262.0

84280.0

84268.0

84272.0

84288.0

84291.0

84282.0

84281.0

84292.0

84287.0

84300.0

84303.0

84317.0

84320.0

84303.0

84318.0

84313.0

84310.0

84301.0

84323.0

84322.0

84328.0

84317.0

84328.0

84329.0

84334.0

84327.0

84344.0

84354.0

84346.0

84348.0

84368.0

84349.0

84344.0

84361.0

84369.0

84373.0

84383.0

84368.0

84396.0

84386.0

84404.0

84382.0

84401.0

84396.0

84412.0

84410.0

84401.0

84409.0

84405.0

84419.0

84419.0

84402.0

84422.0

84424.0

84418.0

84421.0

84418.0

84410.0

84404.0

84408.0

84406.0

84377.0

84371.0

84352.0

84357.0

84328.0

84330.0

84330.0

84347.0

84331.0

84324.0

84316.0

84323.0

84306.0

84310.0

84311.0

84314.0

84325.0

84325.0

84314.0

84323.0

84331.0

84338.0

84335.0

84337.0

84349.0

84350.0

84352.0

84362.0

84359.0

84354.0

84355.0

84368.0

84362.0

84383.0

84367.0

84386.0

84379.0

84384.0

84378.0

84379.0

84388.0

84398.0

84392.0

84399.0

84405.0

84424.0

84399.0

84418.0

84425.0

84398.0

84417.0

84419.0

84425.0

84413.0

84428.0

84423.0

84427.0

84425.0

84444.0

84433.0

84452.0

84440.0

84434.0

84443.0

84443.0

84437.0

84435.0

84444.0

84447.0

84461.0

84461.0

84467.0

84474.0

84463.0

84485.0

84469.0

84475.0

84465.0

84470.0

84473.0

84466.0

84453.0

84447.0

84436.0

84425.0

84401.0

84393.0

84399.0

84385.0

84373.0

84365.0

84349.0

84359.0

84333.0

84349.0

84340.0

84346.0

84332.0

84346.0

84337.0

84341.0

84333.0

84343.0

84345.0

84353.0

84340.0

84381.0

84369.0

84369.0

84372.0

84376.0

84382.0

84375.0

84377.0

84373.0

84373.0

84391.0

84385.0

84394.0

84400.0

84403.0

84393.0

84410.0

84426.0

84408.0

84404.0

84423.0

84416.0

84423.0

84436.0

84450.0

84452.0

84440.0

84449.0

84443.0

84445.0

84442.0

84452.0

84436.0

84451.0

84452.0

84456.0

84455.0

84466.0

84470.0

84449.0

84481.0

84471.0

84467.0

84460.0

84473.0

84469.0

84469.0

84465.0

84495.0

84486.0

84488.0

84485.0

84490.0

84479.0

84492.0

84480.0

84478.0

84485.0

84495.0

84468.0

84471.0

84448.0

84432.0

84433.0

84417.0

84395.0

84403.0

84379.0

84372.0

84375.0

84352.0

84349.0

84345.0

84341.0

84345.0

84346.0

84344.0

84327.0

84330.0

84337.0

84344.0

84335.0

84332.0

84321.0

84334.0

84334.0

84341.0

84346.0

84338.0

84313.0

84328.0

84353.0

84348.0

84338.0

84342.0

84348.0

84348.0

84341.0

84344.0

84346.0

84346.0

84341.0

84354.0

84354.0

84344.0

84362.0

84363.0

84330.0

84354.0

84360.0

84347.0

84354.0

84368.0

84352.0

84365.0

84329.0

84355.0

84335.0

84384.0

84378.0

84358.0

84363.0

84383.0

84374.0

84377.0

84379.0

84383.0

84377.0

84383.0

84369.0

84393.0

84371.0

84396.0

84388.0

84381.0

84410.0

84396.0

84393.0

84387.0

84376.0

84395.0

84384.0

84388.0

84369.0

84374.0

84362.0

84350.0

84341.0

84329.0

84306.0

84313.0

84313.0

84301.0

84287.0

84294.0

84279.0

84288.0

84284.0

84290.0

84295.0

84287.0

84276.0

84284.0

84299.0

84294.0

84299.0

84308.0

84313.0

84310.0

84316.0

84320.0

84321.0

84329.0

84330.0

84331.0

84345.0

84333.0

84353.0

84333.0

84346.0

84343.0

84354.0

84342.0

84356.0

84351.0

84357.0

84364.0

84359.0

84374.0

84375.0

84384.0

84379.0

84393.0

84388.0

84379.0

84391.0

84388.0

84402.0

84399.0

84393.0

84404.0

84398.0

84414.0

84402.0

84424.0

84420.0

84405.0

84420.0

84423.0

84430.0

84440.0

84414.0

84438.0

84436.0

84438.0

84429.0

84423.0

84440.0

84444.0

84434.0

84441.0

84420.0

84423.0

84423.0

84398.0

84389.0

84401.0

84373.0

84381.0

84356.0

84340.0

84347.0

84334.0

84331.0

84343.0

84336.0

84320.0

84319.0

84316.0

84328.0

84316.0

84335.0

84309.0

84308.0

84323.0

84338.0

84335.0

84340.0

84338.0

84353.0

84350.0

84351.0

84359.0

84357.0

84363.0

84356.0

84360.0

84369.0

84369.0

84374.0

84383.0

84365.0

84394.0

84391.0

84386.0

84390.0

84389.0

84405.0

84387.0

84408.0

84407.0

84412.0

84411.0

84415.0

84417.0

84414.0

84421.0

84418.0

84425.0

84425.0

84415.0

84425.0

84429.0

84428.0

84432.0

84430.0

84436.0

84459.0

84450.0

84444.0

84446.0

84449.0

84446.0

84452.0

84449.0

84456.0

84463.0

84478.0

84463.0

84475.0

84461.0

84468.0

84465.0

84471.0

84467.0

84478.0

84455.0

84441.0

84434.0

84433.0

84420.0

84399.0

84392.0

84382.0

84365.0

84367.0

84362.0

84356.0

84353.0

84347.0

84337.0

84348.0

84350.0

84347.0

84344.0

84327.0

84322.0

84326.0

84333.0

84344.0

84343.0

84353.0

84344.0

84367.0

84360.0

84367.0

84369.0

84373.0

84368.0

84375.0

84363.0

84371.0

84370.0

84387.0

84384.0

84387.0

84373.0

84391.0

84391.0

84383.0

84382.0

84394.0

84409.0

84394.0

84364.0

84410.0

84383.0

84401.0

84391.0

84417.0

84406.0

84411.0

84424.0

84387.0

84402.0

84404.0

84406.0

84425.0

84400.0

84402.0

84400.0

84408.0

84392.0

84412.0

84404.0

84399.0

84401.0

84427.0

84411.0

84421.0

84424.0

84421.0

84425.0

84434.0

84423.0

84400.0

84419.0

84415.0

84402.0

84416.0

84410.0

84403.0

84388.0

84384.0

84364.0

84386.0

84339.0

84352.0

84322.0

84316.0

84300.0

84298.0

84281.0

84275.0

84258.0

84270.0

84256.0

84263.0

84249.0

84251.0

84247.0

84253.0

84263.0

84267.0

84254.0

84257.0

84251.0

84253.0

84271.0

84267.0

84285.0

84278.0

84273.0

84276.0

84269.0

84276.0

84283.0

84293.0

84274.0

84287.0

84302.0

84283.0

84280.0

84291.0

84296.0

84297.0

84298.0

84293.0

84286.0

84318.0

84303.0

84305.0

84316.0

84327.0

84317.0

84332.0

84329.0

84340.0

84336.0

84332.0

84345.0

84342.0

84343.0

84336.0

84337.0

84352.0

84346.0

84340.0

84355.0

84370.0

84379.0

84361.0

84368.0

84378.0

84376.0

84396.0

84392.0

84386.0

84392.0

84379.0

84379.0

84379.0

84388.0

84402.0

84373.0

84365.0

84347.0

84338.0

84339.0

84335.0

84317.0

84320.0

84304.0

84307.0

84278.0

84280.0

84280.0

84287.0

84269.0

84266.0

84270.0

84269.0

84292.0

84275.0

84279.0

84283.0

84277.0

84279.0

84288.0

84288.0

84308.0

84288.0

84297.0

84315.0

84320.0

84326.0

84331.0

84331.0

84330.0

84321.0

84336.0

84342.0

84326.0

84344.0

84330.0

84337.0

84344.0

84348.0

84359.0

84345.0

84354.0

84368.0

84374.0

84365.0

84363.0

84354.0

84374.0

84393.0

84376.0

84375.0

84374.0

84374.0

84394.0

84397.0

84384.0

84400.0

84388.0

84389.0

84393.0

84416.0

84397.0

84423.0

84430.0

84427.0

84413.0

84420.0

84423.0

84430.0

84437.0

84437.0

84409.0

84429.0

84435.0

84418.0

84412.0

84424.0

84430.0

84400.0

84386.0

84394.0

84367.0

84358.0

84348.0

84333.0

84312.0

84328.0

84328.0

84308.0

84309.0

84315.0

84296.0

84304.0

84290.0

84296.0

84285.0

84292.0

84293.0

84293.0

84308.0

84293.0

84327.0

84316.0

84315.0

84324.0

84329.0

84333.0

84337.0

84327.0

84328.0

84330.0

84332.0

84343.0

84349.0

84338.0

84335.0

84348.0

84354.0

84365.0

84361.0

84363.0

84370.0

84369.0

84375.0

84374.0

84381.0

84388.0

84385.0

84390.0

84387.0

84390.0

84399.0

84403.0

84386.0

84397.0

84400.0

84420.0

84410.0

84404.0

84420.0

84420.0

84415.0

84417.0

84409.0

84418.0

84421.0

84440.0

84438.0

84442.0

84437.0

84438.0

84435.0

84455.0

84456.0

84454.0

84454.0

84445.0

84464.0

84443.0

84450.0

84438.0

84452.0

84437.0

84436.0

84419.0

84425.0

84417.0

84388.0

84391.0

84364.0

84354.0

84344.0

84334.0

84339.0

84335.0

84325.0

84310.0

84320.0

84299.0

84305.0

84317.0

84303.0

84290.0

84302.0

84286.0

84291.0

84307.0

84323.0

84320.0

84323.0

84299.0

84302.0

84311.0

84316.0

84312.0

84310.0

84313.0

84323.0

84328.0

84334.0

84329.0

84316.0

84325.0

84329.0

84339.0

84325.0

84340.0

84328.0

84334.0

84323.0

84332.0

84329.0

84329.0

84334.0

84343.0

84345.0

84347.0

84341.0

84335.0

84328.0

84334.0

84346.0

84336.0

84335.0

84348.0

84338.0

84342.0

84324.0

84329.0

84330.0

84335.0

84329.0

84320.0

84340.0

84330.0

84326.0

84348.0

84346.0

84342.0

84343.0

84344.0

84352.0

84355.0

84342.0

84354.0

84349.0

84330.0

84345.0

84328.0

84336.0

84311.0

84325.0

84312.0

84319.0

84301.0

84273.0

84254.0

84232.0

84227.0

84213.0

84217.0

84212.0

84214.0

84207.0

84188.0

84193.0

84189.0

84185.0

84175.0

84179.0

84183.0

84196.0

84190.0

84189.0

84188.0

84189.0

84210.0

84207.0

84199.0

84216.0

84216.0

84195.0

84216.0

84207.0

84209.0

84228.0

84246.0

84248.0

84229.0

84244.0

84234.0

84250.0

84243.0

84249.0

84254.0

84262.0

84264.0

84268.0

84285.0

84275.0

84275.0

84271.0

84262.0

84268.0

84277.0

84278.0

84293.0

84298.0

84290.0

84289.0

84280.0

84299.0

84308.0

84302.0

84301.0

84300.0

84325.0

84321.0

84329.0

84321.0

84331.0

84335.0

84332.0

84320.0

84324.0

84333.0

84329.0

84315.0

84313.0

84325.0

84302.0

84298.0

84284.0

84279.0

84256.0

84277.0

84257.0

84255.0

84232.0

84238.0

84223.0

84233.0

84204.0

84227.0

84211.0

84226.0

84231.0

84215.0

84221.0

84204.0

84205.0

84225.0

84214.0

84229.0

84236.0

84253.0

84247.0

84257.0

84252.0

84260.0

84260.0

84273.0

84260.0

84279.0

84264.0

84278.0

84266.0

84269.0

84281.0

84289.0

84301.0

84296.0

84305.0

84299.0

84314.0

84317.0

84323.0

84311.0

84317.0

84315.0

84317.0

84315.0

84333.0

84331.0

84334.0

84349.0

84326.0

84345.0

84349.0

84349.0

84337.0

84337.0

84349.0

84360.0

84366.0

84355.0

84340.0

84361.0

84351.0

84362.0

84364.0

84367.0

84375.0

84383.0

84370.0

84374.0

84363.0

84377.0

84372.0

84371.0

84357.0

84348.0

84342.0

84330.0

84319.0

84291.0

84286.0

84273.0

84269.0

84257.0

84257.0

84241.0

84244.0

84237.0

84248.0

84234.0

84233.0

84228.0

84236.0

84246.0

84241.0

84240.0

84237.0

84229.0

84235.0

84256.0

84256.0

84246.0

84260.0

84271.0

84285.0

84272.0

84276.0

84277.0

84287.0

84288.0

84292.0

84285.0

84283.0

84294.0

84309.0

84295.0

84301.0

84299.0

84308.0

84309.0

84314.0

84328.0

84321.0

84318.0

84320.0

84334.0

84337.0

84337.0

84334.0

84348.0

84337.0

84343.0

84346.0

84359.0

84365.0

84355.0

84370.0

84350.0

84374.0

84373.0

84360.0

84383.0

84369.0

84370.0

84370.0

84387.0

84387.0

84398.0

84401.0

84404.0

84375.0

84398.0

84392.0

84366.0

84394.0

84389.0

84368.0

84357.0

84364.0

84339.0

84319.0

84318.0

84302.0

84293.0

84281.0

84266.0

84263.0

84261.0

84252.0

84260.0

84251.0

84243.0

84244.0

84223.0

84236.0

84220.0

84227.0

84233.0

84231.0

84244.0

84229.0

84236.0

84248.0

84224.0

84243.0

84245.0

84242.0

84244.0

84254.0

84272.0

84249.0

84249.0

84249.0

84241.0

84251.0

84258.0

84263.0

84256.0

84254.0

84250.0

84261.0

84254.0

84255.0

84251.0

84260.0

84253.0

84255.0

84255.0

84250.0

84265.0

84253.0

84266.0

84269.0

84264.0

84257.0

84274.0

84278.0

84272.0

84270.0

84259.0

84271.0

84276.0

84276.0

84294.0

84283.0

84280.0

84305.0

84285.0

84283.0

84267.0

84288.0

84282.0

84287.0

84264.0

84281.0

84249.0

84262.0

84256.0

84237.0

84221.0

84214.0

84196.0

84186.0

84176.0

84175.0

84166.0

84161.0

84139.0

84155.0

84148.0

84147.0

84156.0

84158.0

84145.0

84157.0

84145.0

84149.0

84160.0

84159.0

84171.0

84157.0

84180.0

84182.0

84173.0

84191.0

84181.0

84183.0

84177.0

84193.0

84193.0

84198.0

84205.0

84197.0

84214.0

84205.0

84208.0

84216.0

84228.0

84227.0

84234.0

84222.0

84229.0

84215.0

84222.0

84239.0

84226.0

84251.0

84252.0

84248.0

84244.0

84265.0

84262.0

84261.0

84252.0

84274.0

84269.0

84269.0

84285.0

84277.0

84291.0

84287.0

84289.0

84307.0

84282.0

84298.0

84297.0

84290.0

84297.0

84294.0

84281.0

84275.0

84285.0

84271.0

84260.0

84261.0

84243.0

84223.0

84216.0

84207.0

84203.0

84195.0

84196.0

84192.0

84186.0

84176.0

84173.0

84173.0

84183.0

84180.0

84187.0

84180.0

84180.0

84190.0

84181.0

84198.0

84205.0

84214.0

84204.0

84213.0

84211.0

84219.0

84215.0

84224.0

84224.0

84215.0

84234.0

84226.0

84236.0

84234.0

84238.0

84265.0

84246.0

84247.0

84257.0

84262.0

84270.0

84270.0

84271.0

84278.0

84279.0

84282.0

84265.0

84293.0

84284.0

84284.0

84278.0

84297.0

84306.0

84312.0

84287.0

84302.0

84294.0

84300.0

84288.0

84311.0

84307.0

84321.0

84310.0

84320.0

84319.0

84335.0

84323.0

84348.0

84321.0

84340.0

84325.0

84325.0

84310.0

84302.0

84330.0

84319.0

84291.0

84287.0

84279.0

84255.0

84245.0

84243.0

84218.0

84218.0

84215.0

84222.0

84208.0

84214.0

84188.0

84202.0

84206.0

84200.0

84200.0

84216.0

84203.0

84210.0

84220.0

84220.0

84219.0

84219.0

84227.0

84242.0

84233.0

84239.0

84257.0

84246.0

84251.0

84246.0

84258.0

84260.0

84254.0

84266.0

84256.0

84273.0

84275.0

84270.0

84282.0

84281.0

84298.0

84292.0

84295.0

84299.0

84306.0

84299.0

84304.0

84311.0

84306.0

84327.0

84316.0

84318.0

84310.0

84309.0

84334.0

84333.0

84339.0

84324.0

84336.0

84350.0

84351.0

84339.0

84353.0

84352.0

84356.0

84358.0

84364.0

84357.0

84356.0

84355.0

84369.0

84361.0

84362.0

84377.0

84359.0

84373.0

84360.0

84357.0

84343.0

84346.0

84339.0

84320.0

84297.0

84295.0

84283.0

84266.0

84265.0

84245.0

84234.0

84236.0

84228.0

84238.0

84210.0

84215.0

84228.0

84218.0

84230.0

84202.0

84208.0

84218.0

84221.0

84202.0

84227.0

84211.0

84236.0

84222.0

84217.0

84220.0

84220.0

84222.0

84232.0

84230.0

84219.0

84247.0

84237.0

84236.0

84249.0

84242.0

84244.0

84244.0

84253.0

84251.0

84250.0

84242.0

84250.0

84255.0

84242.0

84233.0

84262.0

84254.0

84264.0

84255.0

84278.0

84252.0

84263.0

84256.0

84265.0

84256.0

84268.0

84268.0

84260.0

84258.0

84268.0

84269.0

84273.0

84269.0

84264.0

84276.0

84280.0

84268.0

84267.0

84263.0

84279.0

84273.0

84289.0

84290.0

84290.0

84283.0

84281.0

84268.0

84278.0

84260.0

84262.0

84259.0

84267.0

84256.0

84229.0

84233.0

84216.0

84198.0

84183.0

84175.0

84170.0

84164.0

84149.0

84155.0

84143.0

84142.0

84143.0

84146.0

84143.0

84140.0

84135.0

84138.0

84139.0

84152.0

84136.0

84156.0

84150.0

84154.0

84155.0

84157.0

84163.0

84172.0

84183.0

84178.0

84178.0

84164.0

84174.0

84166.0

84185.0

84196.0

84182.0

84194.0

84210.0

84203.0

84209.0

84209.0

84209.0

84219.0

84227.0

84213.0

84233.0

84225.0

84228.0

84223.0

84234.0

84237.0

84233.0

84247.0

84254.0

84257.0

84242.0

84241.0

84260.0

84259.0

84254.0

84259.0

84273.0

84257.0

84276.0

84272.0

84285.0

84274.0

84296.0

84284.0

84279.0

84291.0

84283.0

84285.0

84278.0

84266.0

84278.0

84288.0

84280.0

84265.0

84251.0

84238.0

84235.0

84219.0

84209.0

84214.0

84195.0

84177.0

84152.0

84182.0

84175.0

84172.0

84171.0

84166.0

84168.0

84172.0

84168.0

84160.0

84165.0

84168.0

84170.0

84170.0

84179.0

84188.0

84186.0

84190.0

84196.0

84195.0

84200.0

84202.0

84206.0

84213.0

84220.0

84211.0

84229.0

84225.0

84236.0

84220.0

84241.0

84240.0

84238.0

84249.0

84254.0

84262.0

84261.0

84265.0

84248.0

84267.0

84254.0

84279.0

84265.0

84271.0

84278.0

84275.0

84291.0

84275.0

84278.0

84282.0

84291.0

84294.0

84288.0

84306.0

84305.0

84307.0

84303.0

84319.0

84299.0

84320.0

84297.0

84317.0

84321.0

84296.0

84320.0

84327.0

84327.0

84321.0

84329.0

84325.0

84325.0

84327.0

84317.0

84312.0

84318.0

84296.0

84283.0

84281.0

84273.0

84249.0

84237.0

84240.0

84239.0

84224.0

84199.0

84208.0

84210.0

84203.0

84202.0

84189.0

84201.0

84202.0

84188.0

84196.0

84197.0

84200.0

84197.0

84224.0

84211.0

84226.0

84217.0

84221.0

84222.0

84214.0

84236.0

84224.0

84253.0

84254.0

84248.0

84268.0

84255.0

84254.0

84256.0

84261.0

84267.0

84277.0

84280.0

84278.0

84280.0

84281.0

84269.0

84285.0

84297.0

84281.0

84285.0

84307.0

84295.0

84297.0

84293.0

84310.0

84301.0

84306.0

84313.0

84332.0

84308.0

84322.0

84312.0

84326.0

84326.0

84329.0

84334.0

84325.0

84351.0

84351.0

84347.0

84336.0

84333.0

84350.0

84342.0

84339.0

84359.0

84346.0

84337.0

84351.0

84334.0

84326.0

84330.0

84333.0

84332.0

84319.0

84304.0

84296.0

84284.0

84274.0

84245.0

84241.0

84237.0

84224.0

84202.0

84197.0

84188.0

84194.0

84180.0

84188.0

84163.0

84167.0

84162.0

84169.0

84163.0

84176.0

84180.0

84164.0

84182.0

84180.0

84200.0

84197.0

84195.0

84191.0

84186.0

84183.0

84199.0

84192.0

84195.0

84195.0

84192.0

84208.0

84203.0

84202.0

84200.0

84214.0

84206.0

84208.0

84208.0

84210.0

84204.0

84222.0

84215.0

84232.0

84207.0

84219.0

84214.0

84228.0

84203.0

84212.0

84208.0

84215.0

84218.0

84224.0

84225.0

84231.0

84213.0

84227.0

84226.0

84211.0

84228.0

84232.0

84226.0

84231.0

84230.0

84235.0

84235.0

84239.0

84232.0

84250.0

84247.0

84242.0

84244.0

84248.0

84227.0

84244.0

84218.0

84226.0

84221.0

84225.0

84221.0

84197.0

84168.0

84161.0

84145.0

84154.0

84132.0

84138.0

84139.0

84133.0

84132.0

84130.0

84122.0

84152.0

84133.0

84148.0

84135.0

84135.0

84137.0

84129.0

84149.0

84155.0

84144.0

84154.0

84168.0

84163.0

84162.0

84170.0

84183.0

84176.0

84177.0

84185.0

84182.0

84186.0

84198.0

84209.0

84188.0

84211.0

84206.0

84209.0

84207.0

84215.0

84217.0

84216.0

84223.0

84223.0

84237.0

84232.0

84230.0

84236.0

84233.0

84233.0

84246.0

84222.0

84226.0

84253.0

84247.0

84239.0

84254.0

84252.0

84245.0

84245.0

84273.0

84263.0

84260.0

84272.0

84269.0

84279.0

84274.0

84296.0

84269.0

84272.0

84261.0

84296.0

84269.0

84286.0

84268.0

84264.0

84255.0

84246.0

84243.0

84213.0

84192.0

84210.0

84184.0

84193.0

84176.0

84164.0

84178.0

84167.0

84170.0

84158.0

84165.0

84155.0

84153.0

84151.0

84157.0

84152.0

84169.0

84171.0

84171.0

84185.0

84183.0

84187.0

84190.0

84189.0

84194.0

84196.0

84199.0

84215.0

84201.0

84201.0

84214.0

84214.0

84200.0

84217.0

84221.0

84232.0

84228.0

84226.0

84236.0

84239.0

84238.0

84236.0

84219.0

84241.0

84256.0

84241.0

84266.0

84255.0

84280.0

84253.0

84265.0

84265.0

84272.0

84284.0

84272.0

84275.0

84273.0

84280.0

84293.0

84298.0

84293.0

84295.0

84302.0

84288.0

84306.0

84300.0

84313.0

84291.0

84319.0

84307.0

84308.0

84295.0

84312.0

84301.0

84311.0

84295.0

84294.0

84276.0

84259.0

84245.0

84235.0

84220.0

84224.0

84191.0

84200.0

84190.0

84191.0

84176.0

84173.0

84189.0

84173.0

84172.0

84168.0

84182.0

84178.0

84173.0

84185.0

84170.0

84187.0

84178.0

84194.0

84192.0

84198.0

84219.0

84215.0

84201.0

84209.0

84226.0

84230.0

84232.0

84225.0

84232.0

84227.0

84230.0

84244.0

84240.0

84241.0

84238.0

84259.0

84239.0

84252.0

84255.0

84249.0

84264.0

84252.0

84263.0

84265.0

84281.0

84275.0

84268.0

84287.0

84264.0

84294.0

84293.0

84268.0

84279.0

84288.0

84276.0

84284.0

84274.0

84289.0

84283.0

84295.0

84287.0

84296.0

84280.0

84297.0

84284.0

84286.0

84292.0

84302.0

84279.0

84289.0

84291.0

84277.0

84269.0

84274.0

84253.0

84259.0

84256.0

84235.0

84201.0

84190.0

84178.0

84164.0

84169.0

84139.0

84135.0

84137.0

84117.0

84122.0

84123.0

84109.0

84115.0

84112.0

84098.0

84106.0

84097.0

84096.0

84109.0

84110.0

84105.0

84105.0

84110.0

84117.0

84120.0

84131.0

84130.0

84131.0

84128.0

84128.0

84135.0

84128.0

84125.0

84120.0

84145.0

84158.0

84139.0

84156.0

84140.0

84137.0

84144.0

84144.0

84152.0

84148.0

84159.0

84163.0

84151.0

84147.0

84147.0

84146.0

84163.0

84156.0

84166.0

84159.0

84173.0

84164.0

84174.0

84175.0

84170.0

84175.0

84174.0

84174.0

84182.0

84180.0

84189.0

84196.0

84196.0

84193.0

84192.0

84189.0

84188.0

84192.0

84183.0

84190.0

84183.0

84178.0

84188.0

84163.0

84165.0

84154.0

84143.0

84141.0

84130.0

84109.0

84091.0

84082.0

84085.0

84068.0

84083.0

84069.0

84058.0

84082.0

84068.0

84065.0

84075.0

84082.0

84069.0

84088.0

84093.0

84097.0

84081.0

84104.0

84098.0

84109.0

84118.0

84107.0

84115.0

84103.0

84111.0

84119.0

84112.0

84140.0

84128.0

84132.0

84129.0

84129.0

84129.0

84132.0

84125.0

84141.0

84147.0

84137.0

84140.0

84156.0

84122.0

84150.0

84147.0

84152.0

84173.0

84180.0

84167.0

84171.0

84182.0

84168.0

84175.0

84172.0

84191.0

84191.0

84183.0

84186.0

84186.0

84181.0

84185.0

84189.0

84205.0

84197.0

84216.0

84213.0

84219.0

84227.0

84210.0

84210.0

84233.0

84207.0

84207.0

84196.0

84184.0

84195.0

84175.0

84172.0

84160.0

84131.0

84129.0

84125.0

84113.0

84111.0

84100.0

84097.0

84091.0

84088.0

84087.0

84092.0

84093.0

84094.0

84089.0

84091.0

84104.0

84096.0

84097.0

84103.0

84121.0

84117.0

84114.0

84119.0

84139.0

84130.0

84134.0

84138.0

84140.0

84140.0

84148.0

84160.0

84151.0

84144.0

84158.0

84167.0

84158.0

84170.0

84176.0

84170.0

84180.0

84174.0

84192.0

84187.0

84197.0

84198.0

84188.0

84180.0

84199.0

84197.0

84194.0

84201.0

84212.0

84225.0

84214.0

84208.0

84217.0

84228.0

84213.0

84222.0

84225.0

84229.0

84242.0

84217.0

84241.0

84235.0

84236.0

84243.0

84245.0

84257.0

84260.0

84250.0

84250.0

84236.0

84254.0

84243.0

84230.0

84220.0

84203.0

84200.0

84203.0

84169.0

84168.0

84165.0

84161.0

84156.0

84130.0

84142.0

84126.0

84119.0

84121.0

84112.0

84118.0

84105.0

84112.0

84116.0

84116.0

84124.0

84122.0

84129.0

84122.0

84122.0

84133.0

84139.0

84146.0

84131.0

84143.0

84152.0

84161.0

84162.0

84158.0

84144.0

84154.0

84145.0

84166.0

84164.0

84164.0

84155.0

84169.0

84161.0

84184.0

84161.0

84178.0

84166.0

84179.0

84154.0

84177.0

84169.0

84175.0

84196.0

84184.0

84175.0

84170.0

84184.0

84185.0

84191.0

84195.0

84179.0

84174.0

84190.0

84181.0

84189.0

84192.0

84187.0

84189.0

84187.0

84195.0

84190.0

84206.0

84194.0

84216.0

84203.0

84196.0

84192.0

84202.0

84179.0

84187.0

84181.0

84178.0

84184.0

84167.0

84165.0

84141.0

84127.0

84107.0

84091.0

84089.0

84074.0

84079.0

84060.0

84048.0

84043.0

84040.0

84038.0

84026.0

84024.0

84032.0

84018.0

84018.0

84026.0

84024.0

84019.0

84012.0

84035.0

84028.0

84037.0

84039.0

84045.0

84045.0

84055.0

84066.0

84052.0

84060.0

84066.0

84059.0

84067.0

84069.0

84077.0

84061.0

84064.0

84063.0

84067.0

84078.0

84084.0

84085.0

84074.0

84097.0

84078.0

84101.0

84084.0

84093.0

84104.0

84096.0

84097.0

84099.0

84105.0

84125.0

84114.0

84112.0

84099.0

84122.0

84111.0

84125.0

84137.0

84132.0

84140.0

84141.0

84131.0

84155.0

84154.0

84152.0

84149.0

84153.0

84161.0

84166.0

84158.0

84147.0

84153.0

84143.0

84135.0

84126.0

84116.0

84102.0

84091.0

84089.0

84079.0

84056.0

84055.0

84047.0

84048.0

84027.0

84038.0

84038.0

84034.0

84025.0

84026.0

84031.0

84014.0

84040.0

84033.0

84043.0

84051.0

84042.0

84051.0

84055.0

84066.0

84082.0

84073.0

84081.0

84083.0

84098.0

84095.0

84085.0

84089.0

84103.0

84101.0

84103.0

84094.0

84111.0

84111.0

84129.0

84119.0

84130.0

84114.0

84123.0

84132.0

84129.0

84157.0

84135.0

84144.0

84149.0

84160.0

84138.0

84145.0

84162.0

84161.0

84161.0

84167.0

84165.0

84168.0

84170.0

84169.0

84190.0

84173.0

84190.0

84178.0

84194.0

84192.0

84201.0

84200.0

84217.0

84207.0

84209.0

84216.0

84205.0

84214.0

84190.0

84181.0

84175.0

84164.0

84168.0

84150.0

84138.0

84123.0

84114.0

84108.0

84087.0

84097.0

84090.0

84076.0

84076.0

84068.0

84064.0

84054.0

84058.0

84065.0

84058.0

84050.0

84059.0

84050.0

84073.0

84073.0

84082.0

84095.0

84078.0

84100.0

84101.0

84097.0

84101.0

84122.0

84105.0

84123.0

84109.0

84126.0

84120.0

84133.0

84120.0

84137.0

84137.0

84147.0

84152.0

84154.0

84161.0

84154.0

84143.0

84164.0

84172.0

84171.0

84165.0

84175.0

84183.0

84182.0

84190.0

84181.0

84190.0

84188.0

84201.0

84201.0

84200.0

84196.0

84184.0

84211.0

84200.0

84215.0

84205.0

84228.0

84232.0

84232.0

84223.0

84225.0

84232.0

84253.0

84244.0

84249.0

84255.0

84254.0

84248.0

84249.0

84240.0

84238.0

84223.0

84228.0

84227.0

84204.0

84181.0

84183.0

84165.0

84149.0

84139.0

84135.0

84124.0

84108.0

84112.0

84111.0

84098.0

84097.0

84090.0

84083.0

84079.0

84082.0

84083.0

84076.0

84074.0

84070.0

84086.0

84090.0

84095.0

84099.0

84096.0

84110.0

84101.0

84111.0

84107.0

84115.0

84113.0

84123.0

84127.0

84119.0

84120.0

84115.0

84108.0

84123.0

84122.0

84130.0

84135.0

84139.0

84142.0

84140.0

84125.0

84134.0

84120.0

84131.0

84132.0

84151.0

84136.0

84142.0

84137.0

84139.0

84141.0

84140.0

84138.0

84144.0

84160.0

84160.0

84142.0

84153.0

84143.0

84156.0

84148.0

84157.0

84154.0

84162.0

84149.0

84162.0

84152.0

84162.0

84166.0

84154.0

84168.0

84159.0

84161.0

84171.0

84166.0

84146.0

84152.0

84165.0

84166.0

84149.0

84135.0

84137.0

84104.0

84101.0

84085.0

84073.0

84053.0

84044.0

84015.0

84033.0

84003.0

84002.0

83991.0

83999.0

83991.0

84006.0

83976.0

83988.0

83988.0

83979.0

83980.0

83981.0

83984.0

84002.0

84006.0

84007.0

84015.0

84007.0

84012.0

84020.0

84001.0

84016.0

84020.0

84045.0

84037.0

84020.0

84034.0

84038.0

84041.0

84063.0

84042.0

84055.0

84048.0

84054.0

84060.0

84071.0

84066.0

84067.0

84071.0

84080.0

84076.0

84087.0

84098.0

84090.0

84088.0

84089.0

84088.0

84097.0

84086.0

84101.0

84115.0

84117.0

84106.0

84118.0

84121.0

84130.0

84121.0

84126.0

84154.0

84132.0

84130.0

84135.0

84122.0

84153.0

84136.0

84130.0

84127.0

84136.0

84151.0

84133.0

84123.0

84112.0

84095.0

84081.0

84075.0

84059.0

84049.0

84051.0

84025.0

84030.0

84020.0

84029.0

84013.0

84015.0

84018.0

84006.0

84015.0

83992.0

84007.0

84005.0

84003.0

84034.0

84045.0

84029.0

84038.0

84032.0

84046.0

84049.0

84056.0

84053.0

84062.0

84072.0

84067.0

84067.0

84073.0

84091.0

84066.0

84090.0

84076.0

84094.0

84094.0

84097.0

84098.0

84108.0

84099.0

84112.0

84115.0

84133.0

84123.0

84131.0

84127.0

84134.0

84137.0

84129.0

84132.0

84136.0

84142.0

84154.0

84169.0

84150.0

84153.0

84153.0

84162.0

84155.0

84152.0

84168.0

84174.0

84175.0

84182.0

84178.0

84202.0

84191.0

84190.0

84206.0

84190.0

84205.0

84206.0

84207.0

84202.0

84186.0

84180.0

84174.0

84159.0

84158.0

84136.0

84134.0

84114.0

84107.0

84089.0

84077.0

84082.0

84067.0

84056.0

84070.0

84063.0

84062.0

84047.0

84050.0

84045.0

84047.0

84049.0

84046.0

84042.0

84056.0

84074.0

84073.0

84073.0

84088.0

84100.0

84094.0

84092.0

84111.0

84105.0

84107.0

84107.0

84116.0

84119.0

84121.0

84128.0

84125.0

84135.0

84129.0

84137.0

84138.0

84143.0

84137.0

84154.0

84160.0

84171.0

84166.0

84162.0

84164.0

84168.0

84151.0

84174.0

84176.0

84170.0

84173.0

84186.0

84190.0

84180.0

84189.0

84197.0

84200.0

84213.0

84195.0

84210.0

84200.0

84198.0

84210.0

84210.0

84201.0

84219.0

84213.0

84213.0

84232.0

84225.0

84218.0

84234.0

84214.0

84212.0

84214.0

84200.0

84205.0

84206.0

84193.0

84169.0

84157.0

84149.0

84127.0

84124.0

84089.0

84090.0

84089.0

84075.0

84050.0

84067.0

84064.0

84067.0

84039.0

84056.0

84036.0

84054.0

84056.0

84044.0

84034.0

84034.0

84018.0

84032.0

84031.0

84037.0

84043.0

84031.0

84041.0

84049.0

84036.0

84046.0

84045.0

84044.0

84046.0

84060.0

84057.0

84055.0

84052.0

84058.0

84056.0

84056.0

84052.0

84057.0

84062.0

84077.0

84065.0

84082.0

84067.0

84061.0

84067.0

84073.0

84069.0

84079.0

84073.0

84064.0

84073.0

84080.0

84072.0

84079.0

84085.0

84091.0

84078.0

84090.0

84075.0

84094.0

84086.0

84088.0

84082.0

84090.0

84099.0

84091.0

84099.0

84087.0

84070.0

84074.0

84080.0

84089.0

84077.0

84061.0

84049.0

84048.0

84045.0

84033.0

84003.0

84005.0

83978.0

83989.0

83972.0

83955.0

83958.0

83953.0

83942.0

83948.0

83949.0

83943.0

83928.0

83932.0

83931.0

83948.0

83945.0

83949.0

83958.0

83969.0

83952.0

83962.0

83967.0

83974.0

83980.0

83973.0

83980.0

83995.0

83999.0

84000.0

83990.0

84001.0

84005.0

83997.0

83999.0

84008.0

84019.0

84017.0

84014.0

84017.0

84029.0

84013.0

84043.0

84037.0

84050.0

84049.0

84056.0

84055.0

84065.0

84073.0

84081.0

84093.0

84075.0

84082.0

84078.0

84096.0

84087.0

84118.0

84115.0

84110.0

84123.0

84135.0

84124.0

84144.0

84135.0

84152.0

84133.0

84146.0

84146.0

84146.0

84135.0

84156.0

84145.0

84141.0

84134.0

84119.0

84111.0

84085.0

84069.0

84064.0

84060.0

84053.0

84038.0

84033.0

84034.0

84013.0

84002.0

84010.0

84014.0

84021.0

84011.0

84016.0

84017.0

84024.0

84022.0

84034.0

84033.0

84040.0

84044.0

84059.0

84064.0

84057.0

84063.0

84072.0

84073.0

84066.0

84084.0

84092.0

84096.0

84093.0

84109.0

84092.0

84089.0

84113.0

84110.0

84117.0

84103.0

84116.0

84126.0

84125.0

84131.0

84139.0

84142.0

84142.0

84137.0

84147.0

84149.0

84134.0

84153.0

84134.0

84154.0

84158.0

84168.0

84167.0

84157.0

84162.0

84164.0

84176.0

84187.0

84182.0

84188.0

84184.0

84178.0

84184.0

84199.0

84197.0

84195.0

84192.0

84203.0

84199.0

84196.0

84200.0

84186.0

84185.0

84178.0

84170.0

84142.0

84148.0

84113.0

84116.0

84078.0

84081.0

84069.0

84069.0

84054.0

84051.0

84039.0

84050.0

84041.0

84049.0

84042.0

84026.0

84061.0

84037.0

84059.0

84048.0

84063.0

84070.0

84082.0

84056.0

84075.0

84066.0

84083.0

84101.0

84086.0

84099.0

84102.0

84097.0

84114.0

84103.0

84104.0

84115.0

84109.0

84124.0

84123.0

84119.0

84108.0

84132.0

84137.0

84142.0

84139.0

84133.0

84137.0

84141.0

84148.0

84135.0

84159.0

84147.0

84149.0

84154.0

84147.0

84163.0

84159.0

84158.0

84175.0

84184.0

84166.0

84180.0

84175.0

84172.0

84173.0

84193.0

84173.0

84178.0

84174.0

84194.0

84188.0

84188.0

84199.0

84204.0

84200.0

84177.0

84185.0

84169.0

84164.0

84165.0

84170.0

84144.0

84136.0

84111.0

84101.0

84074.0

84069.0

84045.0

84039.0

84022.0

84014.0

84007.0

84025.0

83990.0

83981.0

83966.0

83988.0

83991.0

83993.0

83978.0

83981.0

83974.0

83988.0

83999.0

84007.0

84015.0

84017.0

84017.0

84009.0

84019.0

84012.0

84020.0

84025.0

84032.0

84026.0

84011.0

84028.0

84049.0

84020.0

84033.0

84036.0

84047.0

84035.0

84050.0

84054.0

84058.0

84039.0

84043.0

84045.0

84050.0

84044.0

84059.0

84053.0

84058.0

84053.0

84047.0

84064.0

84061.0

84067.0

84071.0

84074.0

84082.0

84065.0

84070.0

84072.0

84074.0

84079.0

84082.0

84089.0

84069.0

84098.0

84093.0

84088.0

84090.0

84108.0

84093.0

84097.0

84087.0

84094.0

84082.0

84086.0

84068.0

84068.0

84048.0

84036.0

84024.0

84025.0

84010.0

84013.0

83991.0

83989.0

83982.0

83981.0

83997.0

83984.0

83979.0

83980.0

83984.0

83984.0

83987.0

83976.0

84007.0

84000.0

84007.0

84007.0

84012.0

84030.0

84025.0

84031.0

84045.0

84041.0

84057.0

84039.0

84052.0

84054.0

84036.0

84077.0

84046.0

84061.0

84058.0

84072.0

84064.0

84081.0

84088.0

84094.0

84100.0

84105.0

84102.0

84096.0

84104.0

84110.0

84108.0

84116.0

84129.0

84115.0

84110.0

84136.0

84128.0

84130.0

84132.0

84136.0

84134.0

84145.0

84148.0

84153.0

84161.0

84150.0

84150.0

84170.0

84152.0

84173.0

84166.0

84173.0

84191.0

84173.0

84173.0

84175.0

84159.0

84169.0

84156.0

84162.0

84141.0

84145.0

84116.0

84112.0

84098.0

84097.0

84070.0

84072.0

84059.0

84054.0

84032.0

84047.0

84041.0

84048.0

84042.0

84052.0

84037.0

84040.0

84047.0

84025.0

84034.0

84055.0

84044.0

84056.0

84066.0

84058.0

84074.0

84086.0

84074.0

84074.0

84095.0

84104.0

84095.0

84094.0

84098.0

84097.0

84100.0

84116.0

84122.0

84117.0

84113.0

84137.0

84132.0

84143.0

84136.0

84148.0

84146.0

84159.0

84142.0

84154.0

84161.0

84161.0

84158.0

84163.0

84172.0

84175.0

84179.0

84174.0

84173.0

84176.0

84169.0

84193.0

84173.0

84203.0

84183.0

84197.0

84197.0

84202.0

84200.0

84212.0

84204.0

84213.0

84200.0

84206.0

84218.0

84219.0

84230.0

84214.0

84226.0

84229.0

84211.0

84204.0

84202.0

84200.0

84197.0

84181.0

84164.0

84139.0

84126.0

84106.0

84120.0

84115.0

84103.0

84093.0

84083.0

84088.0

84090.0

84081.0

84079.0

84072.0

84072.0

84078.0

84075.0

84074.0

84059.0

84078.0

84087.0

84097.0

84095.0

84103.0

84107.0

84119.0

84127.0

84115.0

84116.0

84101.0

84121.0

84113.0

84120.0

84122.0

84131.0

84136.0

84124.0

84140.0

84148.0

84138.0

84136.0

84139.0

84135.0

84141.0

84145.0

84133.0

84140.0

84155.0

84148.0

84144.0

84158.0

84156.0

84148.0

84159.0

84155.0

84158.0

84142.0

84158.0

84153.0

84163.0

84163.0

84173.0

84157.0

84167.0

84158.0

84163.0

84155.0

84171.0

84160.0

84163.0

84165.0

84153.0

84155.0

84190.0

84184.0

84173.0

84171.0

84167.0

84165.0

84145.0

84143.0

84144.0

84142.0

84150.0

84126.0

84118.0

84117.0

84078.0

84085.0

84068.0

84049.0

84040.0

84031.0

84021.0

84026.0

84009.0

84022.0

83995.0

84008.0

84022.0

84010.0

84012.0

84013.0

84003.0

84013.0

84015.0

84026.0

84018.0

84015.0

84018.0

84060.0

84040.0

84039.0

84052.0

84054.0

84055.0

84043.0

84064.0

84048.0

84059.0

84056.0

84073.0

84064.0

84077.0

84085.0

84081.0

84071.0

84082.0

84083.0

84084.0

84072.0

84087.0

84099.0

84099.0

84089.0

84105.0

84110.0

84120.0

84114.0

84107.0

84120.0

84111.0

84134.0

84131.0

84131.0

84131.0

84143.0

84134.0

84155.0

84149.0

84152.0

84166.0

84163.0

84148.0

84179.0

84173.0

84170.0

84161.0

84165.0

84170.0

84155.0

84162.0

84155.0

84146.0

84139.0

84124.0

84106.0

84093.0

84089.0

84077.0

84065.0

84070.0

84048.0

84045.0

84040.0

84029.0

84044.0

84038.0

84040.0

84031.0

84049.0

84038.0

84035.0

84043.0

84043.0

84058.0

84052.0

84061.0

84073.0

84074.0

84078.0

84068.0

84090.0

84084.0

84075.0

84098.0

84108.0

84097.0

84098.0

84106.0

84107.0

84111.0

84120.0

84124.0

84121.0

84126.0

84132.0

84139.0

84143.0

84139.0

84150.0

84153.0

84157.0

84159.0

84173.0

84166.0

84152.0

84163.0

84168.0

84164.0

84183.0

84169.0

84178.0

84173.0

84178.0

84178.0

84192.0

84192.0

84199.0

84202.0

84200.0

84201.0

84205.0

84212.0

84214.0

84220.0

84216.0

84224.0

84220.0

84226.0

84218.0

84215.0

84227.0

84204.0

84200.0

84210.0

84202.0

84169.0

84166.0

84145.0

84128.0

84115.0

84120.0

84104.0

84096.0

84085.0

84084.0

84076.0

84074.0

84076.0

84074.0

84071.0

84067.0

84072.0

84084.0

84080.0

84081.0

84087.0

84096.0

84087.0

84097.0

84094.0

84094.0

84102.0

84102.0

84130.0

84113.0

84124.0

84114.0

84127.0

84130.0

84129.0

84146.0

84137.0

84132.0

84142.0

84141.0

84149.0

84161.0

84156.0

84176.0

84161.0

84167.0

84171.0

84188.0

84165.0

84186.0

84166.0

84182.0

84186.0

84193.0

84193.0

84202.0

84192.0

84191.0

84208.0

84191.0

84207.0

84209.0

84205.0

84209.0

84206.0

84203.0

84212.0

84211.0

84204.0

84216.0

84221.0

84215.0

84223.0

84212.0

84218.0

84225.0

84223.0

84212.0

84213.0

84209.0

84221.0

84202.0

84200.0

84184.0

84170.0

84163.0

84138.0

84136.0

84100.0

84107.0

84081.0

84078.0

84064.0

84057.0

84037.0

84049.0

84028.0

84047.0

84040.0

84025.0

84041.0

84033.0

84018.0

84038.0

84037.0

84029.0

84031.0

84037.0

84054.0

84053.0

84048.0

84050.0

84044.0

84047.0

84051.0

84055.0

84066.0

84059.0

84062.0

84043.0

84068.0

84061.0

84051.0

84058.0

84067.0

84071.0

84073.0

84067.0

84085.0

84081.0

84084.0

84075.0

84084.0

84076.0

84090.0

84079.0

84080.0

84087.0

84091.0

84087.0

84104.0

84088.0

84091.0

84093.0

84093.0

84097.0

84094.0

84090.0

84105.0

84097.0

84101.0

84096.0

84108.0

84111.0

84126.0

84120.0

84118.0

84118.0

84127.0

84130.0

84115.0

84101.0

84119.0

84101.0

84109.0

84111.0

84071.0

84074.0

84060.0

84041.0

84045.0

84032.0

84016.0

84015.0

84015.0

84006.0

83999.0

83996.0

83996.0

84005.0

83993.0

83998.0

84009.0

84004.0

84010.0

84013.0

84023.0

84029.0

84044.0

84043.0

84048.0

84061.0

84051.0

84058.0

84047.0

84055.0

84061.0

84066.0

84070.0

84072.0

84058.0

84075.0

84069.0

84078.0

84080.0

84091.0

84084.0

84098.0

84088.0

84095.0

84092.0

84100.0

84096.0

84103.0

84098.0

84124.0

84104.0

84131.0

84118.0

84127.0

84131.0

84142.0

84141.0

84142.0

84135.0

84149.0

84155.0

84150.0

84159.0

84166.0

84174.0

84170.0

84165.0

84171.0

84169.0

84177.0

84179.0

84179.0

84191.0

84177.0

84171.0

84170.0

84176.0

84163.0

84150.0

84148.0

84142.0

84107.0

84113.0

84099.0

84097.0

84078.0

84071.0

84049.0

84039.0

84048.0

84037.0

84036.0

84047.0

84031.0

84023.0

84023.0

84029.0

84026.0

84031.0

84029.0

84039.0

84045.0

84050.0

84062.0

84057.0

84070.0

84071.0

84072.0

84065.0

84080.0

84085.0

84082.0

84095.0

84081.0

84091.0

84102.0

84114.0

84118.0

84104.0

84117.0

84134.0

84122.0

84127.0

84126.0

84135.0

84139.0

84139.0

84132.0

84140.0

84151.0

84156.0

84154.0

84160.0

84163.0

84173.0

84165.0

84175.0

84155.0

84156.0

84172.0

84182.0

84174.0

84178.0

84176.0

84191.0

84183.0

84190.0

84195.0

84185.0

84190.0

84198.0

84190.0

84195.0

84204.0

84192.0

84189.0

84198.0

84194.0

84183.0

84184.0

84190.0

84185.0

84175.0

84161.0

84148.0

84126.0

84125.0

84110.0

84104.0

84090.0

84074.0

84038.0

84026.0

84006.0

83988.0

83980.0

83945.0

83931.0

83907.0

83876.0

83846.0

83808.0

83797.0

83801.0

83817.0

83816.0

83812.0

83818.0

83838.0

83832.0

83862.0

83865.0

83879.0

83896.0

83927.0

83934.0

83991.0

83983.0

84017.0

84016.0

84041.0

84038.0

84056.0

84050.0

84058.0

84044.0

84050.0

84051.0

84051.0

84040.0

84030.0

84020.0

84025.0

84038.0

84036.0

84028.0

84031.0

84030.0

84010.0

84018.0

84009.0

84003.0

84021.0

84020.0

84018.0

84025.0

84020.0

84024.0

84023.0

84030.0

84029.0

84037.0

84031.0

84040.0

84052.0

84058.0

84073.0

84074.0

84070.0

84071.0

84080.0

84059.0

84071.0

84061.0

84075.0

84072.0

84075.0

84057.0

84067.0

84041.0

84027.0

84029.0

84022.0

84012.0

84028.0

84018.0

84018.0

84016.0

84012.0

84009.0

84023.0

84030.0

84026.0

84024.0

84034.0

84029.0

84039.0

84051.0

84064.0

84060.0

84081.0

84068.0

84082.0

84071.0

84083.0

84075.0

84076.0

84077.0

84095.0

84095.0

84084.0

84103.0

84101.0

84100.0

84098.0

84114.0

84124.0

84134.0

84141.0

84133.0

84143.0

84152.0

84155.0

84147.0

84166.0

84171.0

84170.0

84177.0

84196.0

84186.0

84184.0

84200.0

84204.0

84202.0

84202.0

84206.0

84206.0

84230.0

84223.0

84230.0

84229.0

84230.0

84232.0

84230.0

84231.0

84229.0

84218.0

84236.0

84239.0

84236.0

84231.0

84229.0

84220.0

84203.0

84198.0

84205.0

84197.0

84186.0

84187.0

84191.0

84192.0

84159.0

84185.0

84178.0

84184.0

84178.0

84174.0

84196.0

84194.0

84187.0

84209.0

84198.0

84212.0

84213.0

84230.0

84223.0

84228.0

84227.0

84226.0

84229.0

84251.0

84241.0

84259.0

84263.0

84263.0

84263.0

84263.0

84259.0

84277.0

84287.0

84288.0

84296.0

84302.0

84296.0

84292.0

84301.0

84302.0

84305.0

84291.0

84313.0

84305.0

84293.0

84314.0

84294.0

84301.0

84299.0

84298.0

84293.0

84302.0

84309.0

84322.0

84312.0

84313.0

84323.0

84317.0

84326.0

84340.0

84340.0

84354.0

84349.0

84355.0

84366.0

84372.0

84378.0

84371.0

84371.0

84373.0

84367.0

84352.0

84335.0

84355.0

84329.0

84325.0

84295.0

84282.0

84284.0

84275.0

84246.0

84261.0

84281.0

84253.0

84256.0

84248.0

84248.0

84244.0

84248.0

84248.0

84242.0

84247.0

84247.0

84250.0

84259.0

84264.0

84262.0

84274.0

84281.0

84289.0

84278.0

84264.0

84279.0

84286.0

84278.0

84294.0

84270.0

84293.0

84268.0

84298.0

84308.0

84301.0

84305.0

84320.0

84314.0

84328.0

84315.0

84318.0

84318.0

84346.0

84356.0

84365.0

84347.0

84363.0

84365.0

84383.0

84369.0

84374.0

84389.0

84384.0

84394.0

84400.0

84400.0

84390.0

84406.0

84390.0

84394.0

84371.0

84391.0

84375.0

84386.0

84372.0

84382.0

84372.0

84367.0

84345.0

84327.0

84337.0

84305.0

84310.0

84306.0

84310.0

84309.0

84313.0

84311.0

84306.0

84296.0

84288.0

84302.0

84307.0

84307.0

84317.0

84322.0

84320.0

84320.0

84333.0

84339.0

84327.0

84346.0

84353.0

84344.0

84340.0

84359.0

84351.0

84352.0

84375.0

84373.0

84378.0

84380.0

84390.0

84401.0

84379.0

84387.0

84414.0

84403.0

84403.0

84411.0

84428.0

84399.0

84415.0

84425.0

84431.0

84419.0

84453.0

84443.0

84431.0

84455.0

84454.0

84458.0

84463.0

84456.0

84473.0

84488.0

84477.0

84485.0

84470.0

84493.0

84482.0

84474.0

84478.0

84477.0

84461.0

84462.0

84461.0

84457.0

84438.0

84424.0

84409.0

84424.0

84423.0

84416.0

84413.0

84391.0

84400.0

84414.0

84411.0

84407.0

84407.0

84410.0

84408.0

84418.0

84431.0

84428.0

84419.0

84422.0

84433.0

84440.0

84444.0

84444.0

84450.0

84446.0

84434.0

84445.0

84443.0

84461.0

84454.0

84463.0

84453.0

84472.0

84455.0

84480.0

84470.0

84473.0

84475.0

84470.0

84482.0

84486.0

84487.0

84465.0

84491.0

84486.0

84486.0

84482.0

84493.0

84483.0

84483.0

84501.0

84492.0

84502.0

84489.0

84493.0

84489.0

84510.0

84505.0

84509.0

84503.0

84499.0

84499.0

84482.0

84498.0

84483.0

84487.0

84485.0

84478.0

84477.0

84450.0

84431.0

84420.0

84410.0

84399.0

84382.0

84380.0

84386.0

84378.0

84377.0

84353.0

84355.0

84355.0

84354.0

84349.0

84351.0

84342.0

84353.0

84366.0

84352.0

84366.0

84354.0

84355.0

84359.0

84363.0

84362.0

84345.0

84366.0

84369.0

84386.0

84364.0

84377.0

84366.0

84359.0

84349.0

84370.0

84367.0

84367.0

84373.0

84367.0

84365.0

84373.0

84367.0

84367.0

84371.0

84369.0

84399.0

84377.0

84371.0

84377.0

84388.0

84390.0

84381.0

84389.0

84397.0

84387.0

84395.0

84391.0

84398.0

84396.0

84397.0

84412.0

84392.0

84401.0

84386.0

84386.0

84378.0

84374.0

84385.0

84383.0

84380.0

84359.0

84360.0

84345.0

84340.0

84316.0

84320.0

84300.0

84279.0

84283.0

84275.0

84286.0

84273.0

84270.0

84266.0

84292.0

84273.0

84292.0

84292.0

84295.0

84287.0

84310.0

84304.0

84303.0

84320.0

84315.0

84321.0

84321.0

84340.0

84339.0

84338.0

84346.0

84359.0

84361.0

84345.0

84359.0

84371.0

84387.0

84375.0

84377.0

84370.0

84378.0

84383.0

84398.0

84394.0

84390.0

84397.0

84406.0

84392.0

84413.0

84405.0

84430.0

84423.0

84422.0

84437.0

84426.0

84418.0

84437.0

84428.0

84451.0

84444.0

84450.0

84448.0

84448.0

84432.0

84440.0

84455.0

84454.0

84447.0

84448.0

84454.0

84444.0

84425.0

84407.0

84398.0

84373.0

84379.0

84370.0

84350.0

84356.0

84352.0

84346.0

84350.0

84330.0

84340.0

84335.0

84326.0

84342.0

84331.0

84333.0

84324.0

84339.0

84337.0

84320.0

84359.0

84356.0

84348.0

84354.0

84362.0

84369.0

84370.0

84374.0

84390.0

84396.0

84385.0

84400.0

84394.0

84399.0

84403.0

84394.0

84401.0

84413.0

84414.0

84412.0

84419.0

84423.0

84424.0

84424.0

84431.0

84428.0

84444.0

84430.0

84451.0

84442.0

84457.0

84444.0

84450.0

84452.0

84460.0

84460.0

84462.0

84451.0

84471.0

84477.0

84467.0

84468.0

84461.0

84472.0

84477.0

84477.0

84478.0

84467.0

84464.0

84474.0

84494.0

84477.0

84455.0

84460.0

84447.0

84426.0

84429.0

84399.0

84412.0

84379.0

84378.0

84369.0

84378.0

84370.0

84371.0

84360.0

84359.0

84357.0

84357.0

84360.0

84349.0

84367.0

84364.0

84379.0

84356.0

84374.0

84366.0

84364.0

84365.0

84388.0

84388.0

84391.0

84407.0

84397.0

84408.0

84402.0

84397.0

84421.0

84400.0

84420.0

84421.0

84411.0

84419.0

84431.0

84429.0

84431.0

84441.0

84419.0

84431.0

84453.0

84463.0

84459.0

84448.0

84453.0

84458.0

84468.0

84452.0

84470.0

84465.0

84486.0

84470.0

84474.0

84472.0

84472.0

84473.0

84473.0

84473.0

84476.0

84469.0

84485.0

84491.0

84496.0

84494.0

84493.0

84501.0

84488.0

84493.0

84486.0

84486.0

84486.0

84483.0

84482.0

84459.0

84455.0

84433.0

84434.0

84421.0

84398.0

84392.0

84384.0

84373.0

84355.0

84345.0

84340.0

84348.0

84340.0

84351.0

84335.0

84333.0

84332.0

84337.0

84329.0

84322.0

84336.0

84328.0

84342.0

84344.0

84337.0

84354.0

84340.0

84331.0

84344.0

84345.0

84344.0

84361.0

84360.0

84357.0

84344.0

84366.0

84341.0

84356.0

84349.0

84364.0

84347.0

84355.0

84353.0

84363.0

84362.0

84363.0

84368.0

84359.0

84358.0

84364.0

84366.0

84362.0

84366.0

84356.0

84385.0

84367.0

84379.0

84368.0

84370.0

84375.0

84378.0

84357.0

84384.0

84365.0

84378.0

84370.0

84382.0

84387.0

84389.0

84396.0

84384.0

84388.0

84368.0

84371.0

84380.0

84387.0

84382.0

84375.0

84354.0

84337.0

84338.0

84304.0

84296.0

84292.0

84287.0

84281.0

84274.0

84268.0

84241.0

84265.0

84258.0

84252.0

84233.0

84256.0

84239.0

84236.0

84248.0

84254.0

84237.0

84259.0

84240.0

84254.0

84269.0

84262.0

84267.0

84279.0

84275.0

84281.0

84278.0

84286.0

84293.0

84305.0

84289.0

84303.0

84294.0

84290.0

84287.0

84314.0

84314.0

84306.0

84315.0

84319.0

84319.0

84322.0

84326.0

84339.0

84349.0

84343.0

84357.0

84351.0

84342.0

84348.0

84350.0

84362.0

84362.0

84364.0

84357.0

84374.0

84365.0

84370.0

84372.0

84374.0

84389.0

84398.0

84389.0

84399.0

84386.0

84387.0

84384.0

84395.0

84389.0

84379.0

84382.0

84363.0

84347.0

84336.0

84314.0

84321.0

84307.0

84286.0

84289.0

84291.0

84273.0

84283.0

84280.0

84285.0

84271.0

84283.0

84273.0

84271.0

84277.0

84287.0

84290.0

84282.0

84287.0

84308.0

84309.0

84313.0

84308.0

84309.0

84316.0

84311.0

84336.0

84322.0

84315.0

84331.0

84337.0

84339.0

84336.0

84358.0

84343.0

84362.0

84352.0

84352.0

84350.0

84358.0

84365.0

84372.0

84375.0

84369.0

84376.0

84381.0

84380.0

84378.0

84383.0

84400.0

84392.0

84403.0

84396.0

84410.0

84399.0

84399.0

84400.0

84413.0

84399.0

84424.0

84418.0

84410.0

84429.0

84423.0

84437.0

84438.0

84418.0

84428.0

84409.0

84424.0

84425.0

84424.0

84403.0

84412.0

84391.0

84387.0

84371.0

84359.0

84331.0

84329.0

84312.0

84314.0

84305.0

84294.0

84285.0

84291.0

84287.0

84275.0

84279.0

84287.0

84273.0

84285.0

84274.0

84285.0

84301.0

84306.0

84294.0

84313.0

84310.0

84326.0

84318.0

84316.0

84320.0

84319.0

84323.0

84328.0

84327.0

84343.0

84334.0

84345.0

84347.0

84360.0

84351.0

84357.0

84351.0

84368.0

84372.0

84367.0

84372.0

84380.0

84381.0

84387.0

84387.0

84381.0

84389.0

84393.0

84391.0

84401.0

84408.0

84392.0

84400.0

84408.0

84415.0

84410.0

84413.0

84410.0

84418.0

84427.0

84429.0

84431.0

84437.0

84418.0

84431.0

84433.0

84417.0

84440.0

84417.0

84422.0

84420.0

84429.0

84417.0

84408.0

84392.0

84378.0

84371.0

84348.0

84332.0

84322.0

84312.0

84320.0

84302.0

84307.0

84298.0

84299.0

84277.0

84268.0

84274.0

84285.0

84265.0

84273.0

84258.0

84265.0

84266.0

84265.0

84271.0

84275.0

84280.0

84283.0

84281.0

84294.0

84282.0

84268.0

84272.0

84284.0

84275.0

84298.0

84287.0

84293.0

84280.0

84293.0

84285.0

84287.0

84274.0

84291.0

84290.0

84293.0

84301.0

84290.0

84301.0

84292.0

84314.0

84294.0

84296.0

84308.0

84307.0

84302.0

84323.0

84306.0

84295.0

84304.0

84306.0

84316.0

84317.0

84306.0

84310.0

84317.0

84313.0

84323.0

84327.0

84327.0

84323.0

84324.0

84321.0

84330.0

84322.0

84335.0

84320.0

84330.0

84303.0

84315.0

84312.0

84300.0

84285.0

84263.0

84266.0

84259.0

84243.0

84219.0

84232.0

84220.0

84204.0

84196.0

84200.0

84187.0

84173.0

84175.0

84186.0

84187.0

84176.0

84181.0

84186.0

84189.0

84196.0

84200.0

84208.0

84197.0

84201.0

84204.0

84193.0

84212.0

84225.0

84216.0

84227.0

84230.0

84224.0

84230.0

84219.0

84238.0

84238.0

84243.0

84243.0

84240.0

84261.0

84263.0

84260.0

84258.0

84260.0

84258.0

84271.0

84287.0

84272.0

84285.0

84275.0

84285.0

84291.0

84284.0

84301.0

84299.0

84302.0

84307.0

84299.0

84296.0

84322.0

84327.0

84329.0

84324.0

84325.0

84341.0

84347.0

84340.0

84330.0

84358.0

84343.0

84318.0

84332.0

84335.0

84318.0

84308.0

84310.0

84301.0

84287.0

84269.0

84283.0

84260.0

84250.0

84232.0

84231.0

84228.0

84230.0

84205.0

84221.0

84214.0

84207.0

84190.0

84217.0

84215.0

84227.0

84224.0

84227.0

84221.0

84228.0

84237.0

84236.0

84251.0

84254.0

84256.0

84255.0

84256.0

84252.0

84248.0

84262.0

84265.0

84267.0

84276.0

84278.0

84285.0

84276.0

84278.0

84288.0

84299.0

84310.0

84293.0

84315.0

84301.0

84309.0

84314.0

84320.0

84315.0

84316.0

84337.0

84318.0

84334.0

84336.0

84331.0

84327.0

84352.0

84337.0

84334.0

84341.0

84351.0

84352.0

84351.0

84359.0

84370.0

84362.0

84380.0

84362.0

84372.0

84365.0

84356.0

84353.0

84355.0

84356.0

84349.0

84345.0

84333.0

84318.0

84301.0

84297.0

84274.0

84274.0

84251.0

84233.0

84234.0

84245.0

84230.0

84232.0

84225.0

84238.0

84213.0

84226.0

84214.0

84223.0

84223.0

84216.0

84241.0

84230.0

84238.0

84241.0

84249.0

84264.0

84246.0

84266.0

84263.0

84260.0

84253.0

84277.0

84279.0

84281.0

84278.0

84281.0

84277.0

84276.0

84288.0

84305.0

84289.0

84304.0

84295.0

84297.0

84297.0

84302.0

84303.0

84312.0

84304.0

84320.0

84318.0

84313.0

84322.0

84325.0

84337.0

84335.0

84346.0

84332.0

84343.0

84352.0

84346.0

84360.0

84353.0

84356.0

84357.0

84377.0

84377.0

84377.0

84373.0

84385.0

84391.0

84381.0

84395.0

84399.0

84382.0

84381.0

84383.0

84381.0

84391.0

84370.0

84382.0

84371.0

84350.0

84336.0

84320.0

84308.0

84296.0

84297.0

84267.0

84270.0

84240.0

84242.0

84236.0

84237.0

84231.0

84244.0

84215.0

84218.0

84217.0

84208.0

84196.0

84216.0

84207.0

84213.0

84218.0

84211.0

84230.0

84228.0

84229.0

84228.0

84242.0

84232.0

84244.0

84247.0

84226.0

84231.0

84239.0

84222.0

84248.0

84234.0

84239.0

84236.0

84251.0

84253.0

84248.0

84281.0

84257.0

84263.0

84260.0

84256.0

84257.0

84252.0

84269.0

84279.0

84264.0

84275.0

84274.0

84281.0

84284.0

84280.0

84288.0

84298.0

84292.0

84273.0

84289.0

84294.0

84296.0

84280.0

84301.0

84299.0

84311.0

84310.0

84304.0

84306.0

84309.0

84295.0

84311.0

84295.0

84307.0

84295.0

84308.0

84284.0

84291.0

84273.0

84271.0

84254.0

84241.0

84224.0

84218.0

84196.0

84194.0

84194.0

84170.0

84183.0

84177.0

84188.0

84152.0

84174.0

84162.0

84163.0

84174.0

84168.0

84165.0

84160.0

84176.0

84164.0

84168.0

84185.0

84199.0

84212.0

84193.0

84189.0

84200.0

84200.0

84207.0

84215.0

84225.0

84228.0

84231.0

84236.0

84228.0

84237.0

84244.0

84249.0

84256.0

84239.0

84239.0

84249.0

84241.0

84243.0

84271.0

84267.0

84272.0

84257.0

84259.0

84273.0

84277.0

84273.0

84292.0

84295.0

84308.0

84294.0

84314.0

84284.0

84309.0

84313.0

84318.0

84326.0

84315.0

84328.0

84326.0

84326.0

84345.0

84331.0

84328.0

84340.0

84336.0

84335.0

84329.0

84338.0

84323.0

84323.0

84312.0

84298.0

84303.0

84277.0

84279.0

84271.0

84275.0

84238.0

84240.0

84235.0

84231.0

84229.0

84227.0

84216.0

84223.0

84199.0

84232.0

84224.0

84228.0

84225.0

84228.0

84233.0

84243.0

84238.0

84262.0

84251.0

84247.0

84254.0

84264.0

84258.0

84264.0

84270.0

84272.0

84271.0

84286.0

84291.0

84291.0

84303.0

84304.0

84301.0

84302.0

84317.0

84312.0

84315.0

84314.0

84299.0

84324.0

84312.0

84327.0

84326.0

84334.0

84330.0

84334.0

84333.0

84354.0

84359.0

84355.0

84348.0

84350.0

84357.0

84348.0

84352.0

84369.0

84374.0

84365.0

84383.0

84366.0

84397.0

84389.0

84391.0

84396.0

84396.0

84400.0

84398.0

84401.0

84414.0

84399.0

84399.0

84386.0

84369.0

84385.0

84371.0

84384.0

84355.0

84342.0

84309.0

84313.0

84291.0

84285.0

84274.0

84260.0

84262.0

84268.0

84249.0

84265.0

84257.0

84227.0

84247.0

84236.0

84245.0

84239.0

84247.0

84252.0

84257.0

84258.0

84263.0

84276.0

84271.0

84281.0

84287.0

84292.0

84300.0

84300.0

84295.0

84301.0

84316.0

84319.0

84315.0

84320.0

84316.0

84310.0

84319.0

84332.0

84327.0

84339.0

84340.0

84333.0

84349.0

84356.0

84351.0

84345.0

84336.0

84351.0

84362.0

84372.0

84365.0

84356.0

84367.0

84378.0

84377.0

84379.0

84366.0

84384.0

84377.0

84386.0

84381.0

84381.0

84377.0

84375.0

84371.0

84387.0

84391.0

84385.0

84395.0

84393.0

84415.0

84398.0

84403.0

84407.0

84391.0

84397.0

84392.0

84411.0

84394.0

84386.0

84366.0

84349.0

84349.0

84349.0

84305.0

84300.0

84282.0

84266.0

84248.0

84242.0

84235.0

84226.0

84235.0

84217.0

84213.0

84203.0

84199.0

84191.0

84204.0

84193.0

84198.0

84197.0

84204.0

84188.0

84204.0

84209.0

84213.0

84200.0

84210.0

84214.0

84213.0

84225.0

84227.0

84233.0

84229.0

84229.0

84242.0

84238.0

84252.0

84248.0

84232.0

84250.0

84247.0

84249.0

84256.0

84248.0

84248.0

84266.0

84254.0

84261.0

84248.0

84259.0

84264.0

84253.0

84270.0

84269.0

84272.0

84274.0

84276.0

84279.0

84277.0

84278.0

84281.0

84269.0

84276.0

84288.0

84294.0

84273.0

84281.0

84284.0

84285.0

84295.0

84289.0

84302.0

84310.0

84307.0

84302.0

84308.0

84302.0

84299.0

84298.0

84295.0

84290.0

84267.0

84267.0

84252.0

84236.0

84225.0

84219.0

84192.0

84198.0

84187.0

84199.0

84191.0

84193.0

84179.0

84183.0

84200.0

84188.0

84177.0

84196.0

84195.0

84177.0

84190.0

84185.0

84209.0

84209.0

84223.0

84211.0

84213.0

84215.0

84225.0

84219.0

84251.0

84232.0

84246.0

84253.0

84237.0

84234.0

84236.0

84251.0

84253.0

84271.0

84270.0

84269.0

84280.0

84276.0

84287.0

84293.0

84292.0

84289.0

84305.0

84294.0

84315.0

84317.0

84325.0

84313.0

84318.0

84313.0

84308.0

84319.0

84331.0

84328.0

84323.0

84334.0

84329.0

84325.0

84316.0

84334.0

84347.0

84354.0

84341.0

84338.0

84354.0

84347.0

84352.0

84360.0

84371.0

84355.0

84372.0

84364.0

84364.0

84352.0

84376.0

84357.0

84352.0

84343.0

84342.0

84328.0

84304.0

84285.0

84279.0

84279.0

84241.0

84256.0

84227.0

84240.0

84229.0

84231.0

84234.0

84227.0

84234.0

84223.0

84240.0

84228.0

84213.0

84223.0

84223.0

84232.0

84230.0

84238.0

84250.0

84253.0

84244.0

84247.0

84277.0

84268.0

84256.0

84259.0

84278.0

84283.0

84278.0

84282.0

84294.0

84277.0

84301.0

84290.0

84299.0

84308.0

84307.0

84337.0

84319.0

84320.0

84329.0

84322.0

84326.0

84344.0

84342.0

84351.0

84343.0

84345.0

84352.0

84346.0

84346.0

84352.0

84355.0

84375.0

84378.0

84371.0

84379.0

84373.0

84366.0

84359.0

84371.0

84370.0

84364.0

84381.0

84384.0

84380.0

84390.0

84396.0

84404.0

84398.0

84388.0

84418.0

84399.0

84407.0

84417.0

84421.0

84417.0

84420.0

84421.0

84423.0

84417.0

84410.0

84399.0

84396.0

84395.0

84358.0

84355.0

84352.0

84326.0

84309.0

84316.0

84294.0

84303.0

84285.0

84285.0

84261.0

84260.0

84264.0

84255.0

84263.0

84256.0

84255.0

84254.0

84267.0

84260.0

84256.0

84271.0

84274.0

84288.0

84275.0

84277.0

84300.0

84281.0

84299.0

84308.0

84293.0

84300.0

84315.0

84309.0

84323.0

84311.0

84318.0

84341.0

84339.0

84333.0

84328.0

84337.0

84339.0

84369.0

84350.0

84344.0

84359.0

84351.0

84361.0

84352.0

84364.0

84373.0

84375.0

84374.0

84372.0

84373.0

84367.0

84362.0

84383.0

84381.0

84366.0

84377.0

84393.0

84366.0

84373.0

84378.0

84372.0

84377.0

84384.0

84390.0

84381.0

84390.0

84390.0

84380.0

84392.0

84396.0

84388.0

84412.0

84414.0

84412.0

84403.0

84415.0

84407.0

84403.0

84406.0

84404.0

84399.0

84387.0

84400.0

84376.0

84397.0

84360.0

84357.0

84338.0

84330.0

84305.0

84303.0

84274.0

84280.0

84264.0

84276.0

84250.0

84234.0

84246.0

84227.0

84221.0

84215.0

84217.0

84218.0

84214.0

84211.0

84231.0

84209.0

84229.0

84228.0

84231.0

84228.0

84236.0

84235.0

84245.0

84244.0

84250.0

84257.0

84252.0

84258.0

84250.0

84255.0

84254.0

84263.0

84254.0

84273.0

84258.0

84253.0

84275.0

84277.0

84275.0

84282.0

84286.0

84284.0

84306.0

84289.0

84284.0

84304.0

84292.0

84309.0

84301.0

84314.0

84292.0

84303.0

84306.0

84290.0

84306.0

84307.0

84322.0

84324.0

84325.0

84322.0

84320.0

84320.0

84330.0

84344.0

84346.0

84353.0

84338.0

84347.0

84349.0

84361.0

84352.0

84372.0

84367.0

84367.0

84363.0

84366.0

84365.0

84370.0

84366.0

84356.0

84342.0

84345.0

84340.0

84321.0

84313.0

84288.0

84289.0

84282.0

84280.0

84261.0

84252.0

84262.0

84254.0

84260.0

84249.0

84263.0

84252.0

84262.0

84261.0

84241.0

84258.0

84270.0

84254.0

84282.0

84270.0

84281.0

84290.0

84296.0

84306.0

84297.0

84293.0

84297.0

84310.0

84308.0

84315.0

84318.0

84326.0

84327.0

84320.0

84325.0

84335.0

84332.0

84322.0

84356.0

84349.0

84339.0

84337.0

84342.0

84349.0

84353.0

84347.0

84364.0

84356.0

84369.0

84365.0

84384.0

84382.0

84380.0

84387.0

84384.0

84396.0

84392.0

84402.0

84397.0

84414.0

84406.0

84402.0

84408.0

84399.0

84413.0

84414.0

84425.0

84426.0

84430.0

84429.0

84442.0

84451.0

84449.0

84441.0

84437.0

84433.0

84441.0

84424.0

84423.0

84426.0

84415.0

84409.0

84405.0

84380.0

84387.0

84371.0

84354.0

84339.0

84332.0

84322.0

84315.0

84296.0

84313.0

84299.0

84287.0

84297.0

84295.0

84290.0

84302.0

84295.0

84285.0

84304.0

84307.0

84301.0

84297.0

84295.0

84313.0

84314.0

84320.0

84321.0

84311.0

84336.0

84333.0

84346.0

84337.0

84341.0

84347.0

84344.0

84361.0

84334.0

84358.0

84353.0

84362.0

84374.0

84368.0

84369.0

84375.0

84377.0

84372.0

84384.0

84386.0

84380.0

84413.0

84385.0

84400.0

84405.0

84414.0

84402.0

84404.0

84413.0

84429.0

84422.0

84422.0

84425.0

84438.0

84425.0

84431.0

84430.0

84430.0

84440.0

84438.0

84449.0

84455.0

84447.0

84474.0

84454.0

84459.0

84468.0

84476.0

84474.0

84479.0

84486.0

84474.0

84457.0

84457.0

84470.0

84461.0

84455.0

84467.0

84457.0

84430.0

84427.0

84420.0

84393.0

84379.0

84390.0

84356.0

84346.0

84345.0

84334.0

84312.0

84314.0

84319.0

84314.0

84305.0

84290.0

84302.0

84300.0

84301.0

84297.0

84303.0

84289.0

84292.0

84295.0

84293.0

84298.0

84326.0

84301.0

84323.0

84312.0

84303.0

84320.0

84315.0

84314.0

84301.0

84320.0

84313.0

84316.0

84320.0

84321.0

84325.0

84335.0

84318.0

84324.0

84316.0

84320.0

84328.0

84331.0

84315.0

84337.0

84349.0

84324.0

84318.0

84328.0

84316.0

84326.0

84332.0

84334.0

84327.0

84345.0

84332.0

84318.0

84338.0

84343.0

84333.0

84340.0

84343.0

84329.0

84351.0

84349.0

84348.0

84371.0

84355.0

84345.0

84363.0

84370.0

84357.0

84343.0

84345.0

84343.0

84350.0

84346.0

84327.0

84347.0

84342.0

84321.0

84312.0

84293.0

84288.0

84280.0

84254.0

84264.0

84231.0

84229.0

84227.0

84214.0

84232.0

84213.0

84215.0

84210.0

84217.0

84218.0

84202.0

84201.0

84222.0

84210.0

84205.0

84216.0

84212.0

84240.0

84232.0

84218.0

84220.0

84233.0

84253.0

84256.0

84232.0

84259.0

84253.0

84266.0

84258.0

84256.0

84243.0

84265.0

84261.0

84254.0

84251.0

84262.0

84280.0

84278.0

84286.0

84288.0

84304.0

84301.0

84312.0

84300.0

84296.0

84319.0

84310.0

84313.0

84323.0

84326.0

84317.0

84328.0

84325.0

84333.0

84320.0

84332.0

84326.0

84322.0

84342.0

84347.0

84346.0

84355.0

84353.0

84357.0

84350.0

84335.0

84348.0

84350.0

84346.0

84336.0

84320.0

84325.0

84316.0

84292.0

84287.0

84265.0

84246.0

84257.0

84251.0

84238.0

84215.0

84230.0

84218.0

84225.0

84220.0

84236.0

84227.0

84232.0

84218.0

84241.0

84211.0

84234.0

84246.0

84249.0

84237.0

84251.0

84261.0

84258.0

84239.0

84266.0

84271.0

84259.0

84267.0

84275.0

84272.0

84253.0

84274.0

84280.0

84282.0

84288.0

84292.0

84292.0

84306.0

84314.0

84316.0

84312.0

84308.0

84325.0

84296.0

84313.0

84325.0

84327.0

84317.0

84317.0

84317.0

84336.0

84321.0

84343.0

84349.0

84341.0

84349.0

84361.0

84347.0

84365.0

84369.0

84368.0

84369.0

84369.0

84386.0

84378.0

84368.0

84377.0

84392.0

84379.0

84373.0

84378.0

84361.0

84363.0

84364.0

84360.0

84342.0

84340.0

84317.0

84302.0

84278.0

84274.0

84254.0

84257.0

84245.0

84243.0

84225.0

84235.0

84222.0

84232.0

84234.0

84213.0

84236.0

84227.0

84213.0

84210.0

84226.0

84218.0

84233.0

84238.0

84249.0

84243.0

84255.0

84270.0

84263.0

84273.0

84271.0

84280.0

84284.0

84281.0

84282.0

84281.0

84277.0

84287.0

84280.0

84285.0

84291.0

84304.0

84302.0

84289.0

84287.0

84299.0

84312.0

84309.0

84304.0

84320.0

84310.0

84317.0

84328.0

84310.0

84324.0

84331.0

84309.0

84320.0

84325.0

84337.0

84331.0

84329.0

84340.0

84340.0

84356.0

84361.0

84356.0

84360.0

84373.0

84359.0

84348.0

84364.0

84351.0

84372.0

84362.0

84382.0

84372.0

84385.0

84350.0

84370.0

84359.0

84359.0

84356.0

84343.0

84350.0

84321.0

84313.0

84284.0

84284.0

84264.0

84244.0

84231.0

84233.0

84226.0

84210.0

84215.0

84205.0

84187.0

84188.0

84174.0

84192.0

84182.0

84189.0

84187.0

84186.0

84190.0

84193.0

84199.0

84177.0

84197.0

84200.0

84190.0

84195.0

84195.0

84201.0

84200.0

84203.0

84213.0

84214.0

84222.0

84230.0

84229.0

84216.0

84235.0

84230.0

84233.0

84240.0

84250.0

84233.0

84256.0

84246.0

84242.0

84257.0

84265.0

84238.0

84250.0

84246.0

84259.0

84259.0

84258.0

84250.0

84261.0

84252.0

84269.0

84276.0

84271.0

84285.0

84267.0

84283.0

84275.0

84293.0

84278.0

84308.0

84280.0

84279.0

84280.0

84280.0

84299.0

84290.0

84283.0

84276.0

84258.0

84239.0

84229.0

84196.0

84200.0

84164.0

84153.0

84147.0

84137.0

84132.0

84112.0

84086.0

84092.0

84080.0

84066.0

84041.0

84022.0

84031.0

84017.0

84013.0

84004.0

83981.0

83968.0

83992.0

84009.0

83964.0

83993.0

83997.0

83990.0

84012.0

84014.0

83992.0

84006.0

84010.0

84015.0

84039.0

84038.0

84038.0

84049.0

84065.0

84060.0

84074.0

84067.0

84086.0

84079.0

84094.0

84108.0

84111.0

84110.0

84127.0

84113.0

84119.0

84147.0

84135.0

84135.0

84160.0

84150.0

84174.0

84161.0

84165.0

84183.0

84193.0

84203.0

84197.0

84217.0

84204.0

84216.0

84233.0

84229.0

84230.0

84227.0

84249.0

84250.0

84249.0

84251.0

84261.0

84248.0

84258.0

84262.0

84252.0

84252.0

84268.0

84248.0

84242.0

84241.0

84229.0

84220.0

84230.0

84218.0

84215.0

84199.0

84204.0

84209.0

84203.0

84210.0

84203.0

84202.0

84198.0

84208.0

84203.0

84198.0

84204.0

84201.0

84227.0

84230.0

84232.0

84242.0

84241.0

84239.0

84249.0

84254.0

84251.0

84264.0

84249.0

84271.0

84278.0

84280.0

84301.0

84294.0

84300.0

84273.0

84306.0

84309.0

84314.0

84331.0

84321.0

84320.0

84336.0

84336.0

84349.0

84340.0

84353.0

84364.0

84360.0

84381.0

84382.0

84384.0

84390.0

84377.0

84385.0

84384.0

84400.0

84396.0

84410.0

84413.0

84411.0

84415.0

84414.0

84431.0

84446.0

84445.0

84443.0

84454.0

84434.0

84422.0

84441.0

84423.0

84423.0

84419.0

84439.0

84433.0

84415.0

84394.0

84414.0

84381.0

84391.0

84372.0

84369.0

84368.0

84358.0

84341.0

84336.0

84333.0

84344.0

84325.0

84336.0

84326.0

84346.0

84340.0

84343.0

84349.0

84357.0

84343.0

84352.0

84345.0

84359.0

84367.0

84381.0

84378.0

84378.0

84381.0

84371.0

84396.0

84395.0

84379.0

84401.0

84400.0

84401.0

84415.0

84404.0

84426.0

84429.0

84412.0

84443.0

84421.0

84440.0

84434.0

84443.0

84435.0

84443.0

84448.0

84472.0

84467.0

84467.0

84473.0

84460.0

84473.0

84489.0

84487.0

84471.0

84475.0

84474.0

84499.0

84487.0

84497.0

84500.0

84496.0

84499.0

84510.0

84511.0

84529.0

84519.0

84514.0

84535.0

84522.0

84537.0

84554.0

84545.0

84559.0

84549.0

84557.0

84544.0

84540.0

84552.0

84546.0

84540.0

84538.0

84534.0

84526.0

84524.0

84502.0

84490.0

84490.0

84466.0

84454.0

84440.0

84432.0

84430.0

84426.0

84410.0

84414.0

84400.0

84396.0

84410.0

84410.0

84412.0

84424.0

84403.0

84407.0

84421.0

84430.0

84417.0

84415.0

84417.0

84431.0

84432.0

84437.0

84438.0

84435.0

84415.0

84435.0

84447.0

84439.0

84448.0

84447.0

84458.0

84459.0

84446.0

84433.0

84468.0

84470.0

84459.0

84461.0

84470.0

84455.0

84456.0

84466.0

84473.0

84460.0

84463.0

84476.0

84484.0

84485.0

84483.0

84489.0

84480.0

84483.0

84477.0

84493.0

84478.0

84494.0

84490.0

84494.0

84506.0

84510.0

84513.0

84515.0

84513.0

84516.0

84518.0

84518.0

84518.0

84536.0

84532.0

84524.0

84520.0

84519.0

84546.0

84530.0

84523.0

84524.0

84527.0

84512.0

84520.0

84510.0

84508.0

84494.0

84482.0

84472.0

84479.0

84448.0

84443.0

84429.0

84428.0

84402.0

84417.0

84400.0

84391.0

84400.0

84398.0

84396.0

84393.0

84403.0

84387.0

84404.0

84399.0

84401.0

84417.0

84400.0

84408.0

84397.0

84409.0

84426.0

84419.0

84418.0

84416.0

84420.0

84416.0

84430.0

84430.0

84441.0

84441.0

84443.0

84447.0

84451.0

84442.0

84459.0

84476.0

84464.0

84461.0

84481.0

84476.0

84484.0

84489.0

84475.0

84495.0

84495.0

84502.0

84499.0

84510.0

84513.0

84520.0

84511.0

84507.0

84507.0

84528.0

84519.0

84533.0

84521.0

84524.0

84535.0

84541.0

84561.0

84540.0

84550.0

84557.0

84563.0

84560.0

84565.0

84566.0

84563.0

84563.0

84559.0

84561.0

84565.0

84549.0

84562.0

84558.0

84569.0

84537.0

84541.0

84536.0

84526.0

84512.0

84513.0

84501.0

84481.0

84487.0

84474.0

84470.0

84453.0

84438.0

84452.0

84450.0

84439.0

84445.0

84451.0

84442.0

84449.0

84441.0

84458.0

84464.0

84474.0

84463.0

84492.0

84479.0

84475.0

84492.0

84481.0

84482.0

84489.0

84499.0

84501.0

84506.0

84503.0

84507.0

84509.0

84505.0

84515.0

84504.0

84514.0

84507.0

84530.0

84544.0

84539.0

84525.0

84526.0

84545.0

84555.0

84550.0

84569.0

84570.0

84565.0

84577.0

84578.0

84575.0

84574.0

84584.0

84588.0

84599.0

84597.0

84595.0

84599.0

84592.0

84601.0

84608.0

84606.0

84623.0

84617.0

84629.0

84625.0

84621.0

84624.0

84632.0

84633.0

84641.0

84643.0

84649.0

84662.0

84637.0

84644.0

84642.0

84668.0

84649.0

84637.0

84649.0

84657.0

84647.0

84642.0

84645.0

84636.0

84611.0

84621.0

84605.0

84595.0

84579.0

84567.0

84565.0

84555.0

84540.0

84544.0

84530.0

84528.0

84516.0

84530.0

84530.0

84512.0

84527.0

84523.0

84522.0

84519.0

84525.0

84522.0

84541.0

84528.0

84529.0

84530.0

84539.0

84531.0

84557.0

84550.0

84548.0

84548.0

84562.0

84568.0

84559.0

84576.0

84567.0

84571.0

84564.0

84572.0

84580.0

84591.0

84583.0

84588.0

84584.0

84594.0

84593.0

84588.0

84597.0

84607.0

84603.0

84616.0

84605.0

84598.0

84611.0

84619.0

84614.0

84619.0

84614.0

84609.0

84604.0

84623.0

84623.0

84634.0

84645.0

84638.0

84639.0

84639.0

84652.0

84656.0

84648.0

84658.0

84655.0

84667.0

84665.0

84670.0

84679.0

84671.0

84662.0

84681.0

84659.0

84692.0

84669.0

84678.0

84673.0

84672.0

84684.0

84688.0

84687.0

84677.0

84677.0

84672.0

84679.0

84661.0

84668.0

84647.0

84639.0

84623.0

84628.0

84614.0

84588.0

84584.0

84569.0

84559.0

84562.0

84560.0

84548.0

84530.0

84527.0

84528.0

84512.0

84530.0

84529.0

84526.0

84517.0

84523.0

84522.0

84537.0

84529.0

84545.0

84540.0

84549.0

84540.0

84546.0

84549.0

84549.0

84545.0

84565.0

84538.0

84541.0

84561.0

84562.0

84552.0

84564.0

84548.0

84569.0

84550.0

84568.0

84558.0

84566.0

84563.0

84564.0

84557.0

84558.0

84570.0

84584.0

84573.0

84579.0

84567.0

84578.0

84587.0

84586.0

84583.0

84573.0

84581.0

84598.0

84599.0

84591.0

84590.0

84591.0

84591.0

84608.0

84605.0

84610.0

84612.0

84620.0

84616.0

84603.0

84620.0

84628.0

84614.0

84631.0

84622.0

84616.0

84630.0

84631.0

84631.0

84628.0

84635.0

84635.0

84630.0

84635.0

84624.0

84631.0

84635.0

84627.0

84616.0

84605.0

84609.0

84607.0

84594.0

84589.0

84573.0

84574.0

84565.0

84557.0

84545.0

84513.0

84519.0

84528.0

84523.0

84506.0

84516.0

84512.0

84521.0

84525.0

84528.0

84532.0

84511.0

84515.0

84520.0

84533.0

84536.0

84544.0

84548.0

84554.0

84546.0

84547.0

84554.0

84551.0

84547.0

84551.0

84562.0

84550.0

84569.0

84556.0

84564.0

84574.0

84582.0

84574.0

84567.0

84589.0

84584.0

84590.0

84596.0

84601.0

84606.0

84605.0

84608.0

84605.0

84608.0

84612.0

