89368.0
89369.0
89370.0
89372.0
89375.0
89378.0
89382.0
89387.0
89391.0
89397.0
89403.0
89409.0
89416.0
89423.0
89432.0
89440.0
89449.0
89458.0
89467.0
89476.0
89485.0
89495.0
89504.0
89514.0
89523.0
89533.0
89543.0
89552.0
89562.0
89571.0
89580.0
89589.0
89598.0
89607.0
89616.0
89624.0
89633.0
89641.0
89648.0
89656.0
89663.0
89670.0
89677.0
89684.0
89691.0
89697.0
89703.0
89709.0
89714.0
89719.0
89724.0
89728.0
89731.0
89734.0
89737.0
89739.0
89742.0
89744.0
89745.0
89746.0
89746.0
89746.0
89745.0
89743.0
89741.0
89738.0
89735.0
89732.0
89729.0
89725.0
89721.0
89717.0
89713.0
89709.0
89705.0
89702.0
89698.0
89694.0
89690.0
89686.0
89683.0
89679.0
89675.0
89672.0
89669.0
89665.0
89662.0
89659.0
89656.0
89654.0
89651.0
89649.0
89647.0
89645.0
89643.0
89641.0
89639.0
89637.0
89635.0
89633.0
89631.0
89629.0
89627.0
89626.0
89624.0
89622.0
89620.0
89619.0
89617.0
89616.0
89614.0
89613.0
89612.0
89611.0
89611.0
89611.0
89612.0
89613.0
89614.0
89615.0
89618.0
89621.0
89624.0
89629.0
89634.0
89639.0
89646.0
89652.0
89660.0
89667.0
89675.0
89684.0
89692.0
89700.0
89709.0
89718.0
89727.0
89736.0
89745.0
89753.0
89762.0
89770.0
89777.0
89785.0
89791.0
89797.0
89802.0
89807.0
89811.0
89815.0
89819.0
89823.0
89826.0
89829.0
89832.0
89834.0
89837.0
89839.0
89840.0
89842.0
89843.0
89844.0
89845.0
89846.0
89847.0
89848.0
89848.0
89848.0
89848.0
89847.0
89846.0
89845.0
89844.0
89842.0
89840.0
89837.0
89835.0
89832.0
89828.0
89825.0
89822.0
89818.0
89814.0
89811.0
89807.0
89803.0
89800.0
89795.0
89791.0
89787.0
89783.0
89779.0
89775.0
89771.0
89768.0
89764.0
89760.0
89756.0
89753.0
89749.0
89746.0
89742.0
89739.0
89736.0
89734.0
89731.0
89728.0
89724.0
89720.0
89715.0
89710.0
89704.0
89697.0
89690.0
89682.0
89673.0
89663.0
89653.0
89643.0
89632.0
89620.0
89609.0
89597.0
89585.0
89573.0
89560.0
89548.0
89535.0
89523.0
89511.0
89499.0
89488.0
89476.0
89465.0
89455.0
89445.0
89436.0
89427.0
89419.0
89411.0
89404.0
89397.0
89391.0
89385.0
89380.0
89375.0
89371.0
89368.0
89365.0
89363.0
89361.0
89360.0
89359.0
89359.0
89358.0
89359.0
89359.0
89360.0
89361.0
89362.0
89364.0
89366.0
89368.0
89370.0
89372.0
89374.0
89376.0
89378.0
89380.0
89382.0
89384.0
89386.0
89387.0
89389.0
89390.0
89391.0
89392.0
89392.0
89393.0
89393.0
89392.0
89391.0
89389.0
89387.0
89384.0
89380.0
89377.0
89373.0
89369.0
89364.0
89360.0
89355.0
89350.0
89345.0
89340.0
89336.0
89331.0
89326.0
89321.0
89317.0
89312.0
89308.0
89303.0
89299.0
89295.0
89291.0
89287.0
89283.0
89280.0
89277.0
89274.0
89271.0
89269.0
89267.0
89265.0
89263.0
89262.0
89261.0
89260.0
89259.0
89259.0
89258.0
89258.0
89258.0
89259.0
89259.0
89260.0
89261.0
89263.0
89265.0
89267.0
89269.0
89272.0
89275.0
89278.0
89282.0
89285.0
89289.0
89293.0
89297.0
89301.0
89306.0
89310.0
89314.0
89319.0
89323.0
89328.0
89332.0
89337.0
89341.0
89346.0
89350.0
89354.0
89358.0
89362.0
89366.0
89370.0
89373.0
89376.0
89379.0
89381.0
89383.0
89385.0
89387.0
89389.0
89391.0
89393.0
89394.0
89395.0
89397.0
89398.0
89399.0
89400.0
89400.0
89401.0
89401.0
89401.0
89401.0
89402.0
89402.0
89402.0
89401.0
89401.0
89401.0
89401.0
89400.0
89400.0
89400.0
89399.0
89399.0
89399.0
89398.0
89398.0
89397.0
89397.0
89396.0
89395.0
89395.0
89394.0
89394.0
89393.0
89393.0
89392.0
89392.0
89391.0
89391.0
89391.0
89391.0
89390.0
89390.0
89390.0
89390.0
89390.0
89390.0
89390.0
89390.0
89390.0
89390.0
89389.0
89389.0
89388.0
89387.0
89386.0
89385.0
89383.0
89382.0
89380.0
89378.0
89375.0
89373.0
89371.0
89368.0
89366.0
89363.0
89361.0
89358.0
89356.0
89353.0
89351.0
89349.0
89347.0
89345.0
89343.0
89341.0
89340.0
89338.0
89337.0
89335.0
89334.0
89333.0
89331.0
89330.0
89329.0
89328.0
89327.0
89326.0
89325.0
89324.0
89324.0
89323.0
89323.0
89322.0
89322.0
89321.0
89321.0
89321.0
89321.0
89320.0
89321.0
89321.0
89321.0
89321.0
89322.0
89322.0
89323.0
89324.0
89325.0
89325.0
89326.0
89327.0
89328.0
89329.0
89331.0
89332.0
89333.0
89335.0
89336.0
89337.0
89338.0
89339.0
89340.0
89340.0
89340.0
89341.0
89341.0
89341.0
89341.0
89341.0
89341.0
89341.0
89341.0
89341.0
89340.0
89340.0
89340.0
89340.0
89339.0
89339.0
89339.0
89339.0
89340.0
89340.0
89340.0
89341.0
89341.0
89341.0
89341.0
89341.0
89341.0
89341.0
89341.0
89341.0
89340.0
89340.0
89340.0
89340.0
89340.0
89339.0
89339.0
89338.0
89338.0
89337.0
89337.0
89336.0
89336.0
89335.0
89335.0
89334.0
89334.0
89333.0
89333.0
89332.0
89332.0
89332.0
89332.0
89331.0
89331.0
89331.0
89331.0
89331.0
89332.0
89331.0
89332.0
89332.0
89332.0
89332.0
89332.0
89332.0
89332.0
89332.0
89332.0
89332.0
89331.0
89331.0
89330.0
89329.0
89329.0
89328.0
89327.0
89326.0
89325.0
89324.0
89323.0
89322.0
89322.0
89321.0
89320.0
89319.0
89319.0
89318.0
89317.0
89317.0
89316.0
89316.0
89315.0
89315.0
89314.0
89314.0
89314.0
89314.0
89314.0
89314.0
89314.0
89314.0
89314.0
89314.0
89314.0
89314.0
89314.0
89314.0
89314.0
89314.0
89314.0
89314.0
89313.0
89313.0
89313.0
89313.0
89312.0
89312.0
89312.0
89311.0
89311.0
89310.0
89310.0
89310.0
89309.0
89309.0
89309.0
89308.0
89308.0
89308.0
89307.0
89307.0
89306.0
89306.0
89305.0
89304.0
89304.0
89303.0
89302.0
89302.0
89301.0
89300.0
89299.0
89298.0
89297.0
89296.0
89295.0
89293.0
89292.0
89290.0
89289.0
89287.0
89285.0
89284.0
89282.0
89280.0
89278.0
89277.0
89275.0
89273.0
89271.0
89270.0
89268.0
89266.0
89264.0
89263.0
89261.0
89260.0
89258.0
89257.0
89255.0
89254.0
89253.0
89252.0
89251.0
89250.0
89249.0
89248.0
89248.0
89247.0
89246.0
89245.0
89245.0
89244.0
89244.0
89243.0
89243.0
89242.0
89242.0
89241.0
89241.0
89241.0
89240.0
89240.0
89240.0
89240.0
89239.0
89239.0
89239.0
89238.0
89238.0
89238.0
89237.0
89237.0
89236.0
89236.0
89235.0
89235.0
89234.0
89234.0
89234.0
89233.0
89233.0
89233.0
89232.0
89232.0
89232.0
89231.0
89230.0
89229.0
89228.0
89227.0
89226.0
89225.0
89223.0
89222.0
89220.0
89219.0
89217.0
89216.0
89214.0
89213.0
89211.0
89210.0
89209.0
89207.0
89205.0
89204.0
89202.0
89200.0
89199.0
89197.0
89196.0
89195.0
89193.0
89192.0
89191.0
89190.0
89189.0
89187.0
89186.0
89185.0
89184.0
89184.0
89183.0
89182.0
89182.0
89181.0
89181.0
89180.0
89180.0
89179.0
89179.0
89179.0
89179.0
89179.0
89179.0
89179.0
89178.0
89178.0
89178.0
89178.0
89178.0
89178.0
89178.0
89178.0
89177.0
89177.0
89177.0
89177.0
89177.0
89176.0
89176.0
89176.0
89175.0
89175.0
89175.0
89174.0
89174.0
89173.0
89173.0
89173.0
89172.0
89172.0
89172.0
89172.0
89171.0
89171.0
89170.0
89169.0
89169.0
89168.0
89167.0
89165.0
89164.0
89163.0
89162.0
89160.0
89159.0
89157.0
89156.0
89154.0
89153.0
89151.0
89150.0
89148.0
89147.0
89145.0
89144.0
89142.0
89141.0
89140.0
89138.0
89137.0
89136.0
89135.0
89134.0
89132.0
89131.0
89130.0
89129.0
89128.0
89127.0
89126.0
89125.0
89124.0
89123.0
89122.0
89121.0
89121.0
89120.0
89120.0
89120.0
89120.0
89119.0
89119.0
89119.0
89120.0
89120.0
89120.0
89120.0
89121.0
89121.0
89121.0
89122.0
89122.0
89123.0
89123.0
89124.0
89124.0
89125.0
89126.0
89126.0
89126.0
89127.0
89127.0
89127.0
89128.0
89128.0
89128.0
89128.0
89128.0
89128.0
89127.0
89127.0
89127.0
89126.0
89126.0
89126.0
89125.0
89125.0
89124.0
89123.0
89122.0
89121.0
89120.0
89119.0
89117.0
89116.0
89114.0
89112.0
89110.0
89109.0
89107.0
89105.0
89103.0
89102.0
89100.0
89098.0
89096.0
89095.0
89093.0
89091.0
89090.0
89088.0
89087.0
89086.0
89084.0
89083.0
89082.0
89082.0
89081.0
89080.0
89079.0
89079.0
89078.0
89077.0
89077.0
89076.0
89076.0
89076.0
89076.0
89076.0
89076.0
89076.0
89076.0
89076.0
89076.0
89076.0
89076.0
89076.0
89076.0
89076.0
89076.0
89076.0
89076.0
89076.0
89076.0
89076.0
89076.0
89076.0
89076.0
89076.0
89076.0
89076.0
89076.0
89076.0
89076.0
89076.0
89076.0
89076.0
89076.0
89076.0
89076.0
89076.0
89077.0
89077.0
89077.0
89078.0
89078.0
89078.0
89078.0
89078.0
89078.0
89077.0
89077.0
89076.0
89075.0
89074.0
89072.0
89071.0
89069.0
89067.0
89065.0
89063.0
89061.0
89059.0
89057.0
89054.0
89052.0
89050.0
89048.0
89045.0
89043.0
89042.0
89040.0
89038.0
89037.0
89035.0
89034.0
89033.0
89032.0
89031.0
89030.0
89029.0
89028.0
89027.0
89026.0
89025.0
89024.0
89024.0
89023.0
89022.0
89021.0
89020.0
89019.0
89018.0
89018.0
89017.0
89016.0
89015.0
89015.0
89014.0
89013.0
89013.0
89012.0
89012.0
89011.0
89011.0
89011.0
89011.0
89011.0
89011.0
89011.0
89011.0
89011.0
89011.0
89011.0
89010.0
89010.0
89010.0
89010.0
89010.0
89010.0
89010.0
89010.0
89010.0
89010.0
89010.0
89010.0
89010.0
89009.0
89009.0
89008.0
89008.0
89007.0
89006.0
89005.0
89004.0
89002.0
89001.0
89000.0
88998.0
88997.0
88995.0
88993.0
88992.0
88990.0
88989.0
88987.0
88986.0
88985.0
88983.0
88982.0
88981.0
88979.0
88978.0
88977.0
88976.0
88975.0
88974.0
88973.0
88972.0
88971.0
88970.0
88970.0
88969.0
88968.0
88968.0
88967.0
88967.0
88966.0
88966.0
88966.0
88965.0
88965.0
88965.0
88965.0
88965.0
88965.0
88965.0
88965.0
88966.0
88966.0
88966.0
88966.0
88966.0
88966.0
88966.0
88966.0
88966.0
88966.0
88966.0
88966.0
88966.0
88966.0
88966.0
88966.0
88967.0
88967.0
88967.0
88967.0
88968.0
88968.0
88969.0
88969.0
88970.0
88971.0
88971.0
88972.0
88973.0
88974.0
88975.0
88975.0
88976.0
88976.0
88976.0
88976.0
88976.0
88976.0
88976.0
88975.0
88975.0
88974.0
88974.0
88973.0
88973.0
88972.0
88972.0
88971.0
88970.0
88969.0
88969.0
88968.0
88967.0
88966.0
88965.0
88964.0
88963.0
88962.0
88961.0
88961.0
88960.0
88959.0
88958.0
88957.0
88956.0
88955.0
88954.0
88954.0
88953.0
88953.0
88952.0
88952.0
88951.0
88951.0
88951.0
88951.0
88950.0
88950.0
88950.0
88950.0
88950.0
88950.0
88950.0
88949.0
88949.0
88949.0
88949.0
88949.0
88949.0
88949.0
88949.0
88949.0
88949.0
88949.0
88949.0
88950.0
88950.0
88950.0
88950.0
88951.0
88951.0
88951.0
88952.0
88952.0
88953.0
88953.0
88953.0
88954.0
88954.0
88954.0
88955.0
88955.0
88955.0
88955.0
88954.0
88954.0
88954.0
88953.0
88953.0
88952.0
88952.0
88951.0
88950.0
88950.0
88949.0
88948.0
88947.0
88946.0
88945.0
88944.0
88943.0
88942.0
88941.0
88940.0
88940.0
88939.0
88938.0
88937.0
88937.0
88936.0
88935.0
88934.0
88934.0
88933.0
88932.0
88932.0
88931.0
88931.0
88930.0
88930.0
88929.0
88929.0
88928.0
88928.0
88927.0
88927.0
88926.0
88926.0
88926.0
88925.0
88925.0
88925.0
88925.0
88925.0
88925.0
88925.0
88925.0
88925.0
88925.0
88925.0
88925.0
88925.0
88925.0
88926.0
88926.0
88926.0
88926.0
88926.0
88926.0
88926.0
88926.0
88926.0
88926.0
88926.0
88926.0
88926.0
88927.0
88927.0
88927.0
88927.0
88927.0
88927.0
88926.0
88926.0
88925.0
88924.0
88924.0
88923.0
88922.0
88920.0
88919.0
88918.0
88916.0
88915.0
88913.0
88911.0
88910.0
88908.0
88906.0
88904.0
88902.0
88901.0
88899.0
88898.0
88896.0
88895.0
88893.0
88892.0
88891.0
88890.0
88889.0
88888.0
88887.0
88886.0
88885.0
88884.0
88884.0
88883.0
88882.0
88881.0
88881.0
88880.0
88880.0
88879.0
88879.0
88879.0
88878.0
88878.0
88878.0
88878.0
88878.0
88878.0
88878.0
88878.0
88878.0
88879.0
88879.0
88879.0
88879.0
88880.0
88880.0
88880.0
88881.0
88881.0
88882.0
88882.0
88882.0
88883.0
88884.0
88884.0
88885.0
88886.0
88887.0
88889.0
88890.0
88891.0
88892.0
88894.0
88895.0
88896.0
88897.0
88898.0
88899.0
88900.0
88901.0
88901.0
88902.0
88902.0
88902.0
88902.0
88902.0
88902.0
88901.0
88900.0
88899.0
88899.0
88897.0
88896.0
88895.0
88894.0
88893.0
88891.0
88890.0
88889.0
88887.0
88886.0
88885.0
88883.0
88882.0
88881.0
88879.0
88878.0
88877.0
88875.0
88874.0
88873.0
88872.0
88871.0
88869.0
88868.0
88867.0
88865.0
88864.0
88862.0
88861.0
88859.0
88858.0
88856.0
88855.0
88854.0
88852.0
88851.0
88850.0
88849.0
88848.0
88847.0
88846.0
88846.0
88845.0
88844.0
88844.0
88843.0
88843.0
88843.0
88843.0
88843.0
88843.0
88843.0
88843.0
88843.0
88843.0
88843.0
88843.0
88844.0
88844.0
88844.0
88844.0
88845.0
88845.0
88845.0
88845.0
88845.0
88846.0
88846.0
88846.0
88846.0
88846.0
88846.0
88846.0
88846.0
88846.0
88846.0
88846.0
88845.0
88845.0
88844.0
88843.0
88843.0
88842.0
88840.0
88839.0
88838.0
88836.0
88835.0
88833.0
88831.0
88830.0
88828.0
88826.0
88824.0
88823.0
88821.0
88819.0
88817.0
88816.0
88814.0
88813.0
88812.0
88811.0
88810.0
88809.0
88808.0
88807.0
88806.0
88805.0
88804.0
88803.0
88803.0
88802.0
88802.0
88801.0
88801.0
88800.0
88800.0
88799.0
88799.0
88799.0
88798.0
88798.0
88798.0
88798.0
88798.0
88798.0
88798.0
88798.0
88798.0
88799.0
88799.0
88799.0
88799.0
88800.0
88800.0
88801.0
88801.0
88801.0
88802.0
88802.0
88803.0
88804.0
88804.0
88805.0
88805.0
88806.0
88806.0
88807.0
88807.0
88808.0
88809.0
88809.0
88810.0
88810.0
88811.0
88812.0
88812.0
88813.0
88813.0
88813.0
88813.0
88813.0
88813.0
88812.0
88811.0
88811.0
88810.0
88809.0
88808.0
88806.0
88805.0
88804.0
88803.0
88801.0
88800.0
88798.0
88797.0
88796.0
88794.0
88793.0
88791.0
88790.0
88789.0
88787.0
88786.0
88785.0
88783.0
88782.0
88781.0
88779.0
88778.0
88777.0
88776.0
88774.0
88773.0
88772.0
88771.0
88770.0
88769.0
88769.0
88768.0
88767.0
88766.0
88766.0
88765.0
88765.0
88764.0
88764.0
88764.0
88764.0
88764.0
88764.0
88764.0
88764.0
88764.0
88764.0
88765.0
88765.0
88766.0
88766.0
88766.0
88767.0
88768.0
88768.0
88769.0
88769.0
88770.0
88771.0
88771.0
88772.0
88773.0
88773.0
88774.0
88775.0
88775.0
88776.0
88777.0
88778.0
88778.0
88779.0
88780.0
88781.0
88782.0
88782.0
88783.0
88784.0
88784.0
88785.0
88786.0
88786.0
88786.0
88786.0
88787.0
88786.0
88786.0
88786.0
88785.0
88785.0
88784.0
88783.0
88782.0
88781.0
88780.0
88779.0
88777.0
88776.0
88775.0
88774.0
88772.0
88771.0
88769.0
88768.0
88767.0
88766.0
88765.0
88764.0
88763.0
88762.0
88761.0
88760.0
88759.0
88758.0
88758.0
88757.0
88756.0
88756.0
88755.0
88755.0
88754.0
88753.0
88753.0
88752.0
88751.0
88751.0
88750.0
88749.0
88749.0
88748.0
88748.0
88748.0
88747.0
88747.0
88746.0
88746.0
88745.0
88745.0
88744.0
88744.0
88744.0
88743.0
88743.0
88742.0
88742.0
88742.0
88742.0
88742.0
88741.0
88741.0
88741.0
88741.0
88741.0
88741.0
88741.0
88741.0
88741.0
88741.0
88741.0
88741.0
88741.0
88741.0
88742.0
88742.0
88742.0
88742.0
88742.0
88742.0
88741.0
88741.0
88741.0
88740.0
88739.0
88738.0
88737.0
88736.0
88735.0
88733.0
88732.0
88731.0
88729.0
88728.0
88727.0
88725.0
88723.0
88722.0
88720.0
88718.0
88717.0
88715.0
88714.0
88712.0
88711.0
88709.0
88708.0
88707.0
88705.0
88704.0
88703.0
88702.0
88700.0
88699.0
88698.0
88697.0
88696.0
88695.0
88694.0
88693.0
88692.0
88691.0
88690.0
88689.0
88688.0
88688.0
88687.0
88686.0
88686.0
88685.0
88685.0
88684.0
88684.0
88683.0
88683.0
88683.0
88683.0
88682.0
88682.0
88682.0
88682.0
88681.0
88681.0
88681.0
88681.0
88681.0
88681.0
88681.0
88681.0
88681.0
88681.0
88681.0
88681.0
88681.0
88682.0
88682.0
88682.0
88683.0
88683.0
88683.0
88684.0
88684.0
88684.0
88685.0
88685.0
88685.0
88685.0
88685.0
88685.0
88685.0
88685.0
88685.0
88684.0
88683.0
88682.0
88681.0
88680.0
88678.0
88677.0
88675.0
88674.0
88672.0
88670.0
88669.0
88667.0
88665.0
88663.0
88661.0
88659.0
88657.0
88655.0
88653.0
88651.0
88649.0
88648.0
88646.0
88644.0
88642.0
88640.0
88639.0
88637.0
88635.0
88634.0
88632.0
88631.0
88629.0
88628.0
88626.0
88625.0
88623.0
88622.0
88621.0
88619.0
88618.0
88617.0
88616.0
88615.0
88614.0
88613.0
88613.0
88612.0
88611.0
88611.0
88610.0
88610.0
88609.0
88609.0
88608.0
88608.0
88607.0
88607.0
88607.0
88607.0
88607.0
88606.0
88606.0
88606.0
88606.0
88606.0
88606.0
88606.0
88606.0
88606.0
88605.0
88605.0
88605.0
88604.0
88604.0
88604.0
88604.0
88603.0
88603.0
88603.0
88603.0
88603.0
88603.0
88602.0
88602.0
88602.0
88602.0
88601.0
88600.0
88600.0
88599.0
88598.0
88597.0
88596.0
88595.0
88593.0
88592.0
88591.0
88589.0
88588.0
88587.0
88585.0
88584.0
88583.0
88581.0
88579.0
88578.0
88576.0
88575.0
88574.0
88572.0
88571.0
88570.0
88569.0
88568.0
88567.0
88566.0
88565.0
88564.0
88563.0
88562.0
88562.0
88561.0
88561.0
88560.0
88560.0
88559.0
88559.0
88559.0
88559.0
88558.0
88558.0
88558.0
88558.0
88558.0
88558.0
88559.0
88559.0
88559.0
88559.0
88559.0
88560.0
88560.0
88560.0
88561.0
88561.0
88562.0
88562.0
88562.0
88563.0
88563.0
88564.0
88564.0
88564.0
88564.0
88564.0
88564.0
88564.0
88564.0
88564.0
88564.0
88564.0
88564.0
88563.0
88563.0
88562.0
88561.0
88560.0
88559.0
88557.0
88556.0
88555.0
88553.0
88552.0
88550.0
88549.0
88547.0
88545.0
88543.0
88541.0
88539.0
88536.0
88533.0
88531.0
88528.0
88525.0
88522.0
88519.0
88516.0
88513.0
88510.0
88507.0
88504.0
88501.0
88498.0
88495.0
88492.0
88490.0
88487.0
88484.0
88482.0
88479.0
88477.0
88474.0
88472.0
88470.0
88467.0
88465.0
88463.0
88461.0
88459.0
88457.0
88455.0
88453.0
88451.0
88449.0
88447.0
88446.0
88444.0
88443.0
88442.0
88441.0
88440.0
88439.0
88438.0
88437.0
88437.0
88437.0
88436.0
88436.0
88436.0
88436.0
88436.0
88436.0
88437.0
88437.0
88437.0
88438.0
88438.0
88439.0
88439.0
88440.0
88441.0
88441.0
88442.0
88443.0
88443.0
88443.0
88444.0
88444.0
88444.0
88444.0
88445.0
88445.0
88445.0
88445.0
88444.0
88444.0
88444.0
88444.0
88444.0
88444.0
88443.0
88443.0
88442.0
88442.0
88441.0
88440.0
88439.0
88438.0
88437.0
88435.0
88434.0
88432.0
88431.0
88429.0
88428.0
88426.0
88424.0
88423.0
88421.0
88419.0
88417.0
88415.0
88414.0
88412.0
88410.0
88408.0
88406.0
88404.0
88402.0
88400.0
88399.0
88397.0
88395.0
88394.0
88392.0
88391.0
88390.0
88388.0
88387.0
88386.0
88384.0
88383.0
88382.0
88380.0
88379.0
88378.0
88377.0
88376.0
88375.0
88374.0
88373.0
88373.0
88372.0
88372.0
88371.0
88371.0
88371.0
88371.0
88371.0
88371.0
88372.0
88372.0
88373.0
88373.0
88373.0
88374.0
88374.0
88375.0
88376.0
88376.0
88377.0
88378.0
88378.0
88379.0
88380.0
88381.0
88382.0
88383.0
88384.0
88385.0
88386.0
88387.0
88388.0
88389.0
88391.0
88392.0
88393.0
88394.0
88395.0
88396.0
88397.0
88397.0
88398.0
88398.0
88398.0
88398.0
88398.0
88397.0
88396.0
88396.0
88395.0
88394.0
88393.0
88392.0
88391.0
88390.0
88388.0
88387.0
88386.0
88384.0
88383.0
88381.0
88380.0
88379.0
88377.0
88376.0
88374.0
88373.0
88371.0
88370.0
88368.0
88367.0
88365.0
88364.0
88363.0
88361.0
88360.0
88360.0
88359.0
88358.0
88358.0
88357.0
88357.0
88357.0
88357.0
88356.0
88356.0
88357.0
88357.0
88357.0
88357.0
88357.0
88358.0
88358.0
88358.0
88359.0
88359.0
88359.0
88359.0
88359.0
88360.0
88360.0
88360.0
88360.0
88361.0
88361.0
88361.0
88361.0
88361.0
88361.0
88362.0
88362.0
88362.0
88362.0
88362.0
88362.0
88362.0
88362.0
88362.0
88363.0
88363.0
88363.0
88364.0
88364.0
88365.0
88365.0
88366.0
88367.0
88367.0
88367.0
88368.0
88368.0
88368.0
88368.0
88368.0
88368.0
88368.0
88367.0
88367.0
88366.0
88366.0
88365.0
88364.0
88363.0
88362.0
88360.0
88359.0
88358.0
88356.0
88355.0
88354.0
88353.0
88351.0
88350.0
88349.0
88348.0
88347.0
88346.0
88345.0
88344.0
88343.0
88342.0
88341.0
88341.0
88340.0
88339.0
88339.0
88338.0
88338.0
88337.0
88337.0
88337.0
88336.0
88336.0
88336.0
88336.0
88336.0
88336.0
88336.0
88335.0
88335.0
88335.0
88335.0
88335.0
88335.0
88335.0
88335.0
88335.0
88335.0
88335.0
88335.0
88334.0
88334.0
88334.0
88334.0
88333.0
88333.0
88333.0
88333.0
88333.0
88333.0
88333.0
88333.0
88333.0
88334.0
88334.0
88335.0
88335.0
88336.0
88337.0
88338.0
88339.0
88340.0
88340.0
88341.0
88342.0
88342.0
88343.0
88343.0
88344.0
88344.0
88344.0
88344.0
88344.0
88344.0
88344.0
88344.0
88343.0
88343.0
88343.0
88342.0
88342.0
88341.0
88341.0
88340.0
88340.0
88339.0
88339.0
88338.0
88337.0
88337.0
88337.0
88336.0
88336.0
88336.0
88336.0
88336.0
88336.0
88336.0
88336.0
88336.0
88336.0
88336.0
88336.0
88336.0
88336.0
88336.0
88336.0
88336.0
88337.0
88337.0
88337.0
88337.0
88338.0
88338.0
88339.0
88340.0
88340.0
88340.0
88341.0
88341.0
88342.0
88342.0
88343.0
88343.0
88344.0
88344.0
88345.0
88345.0
88345.0
88346.0
88346.0
88346.0
88346.0
88347.0
88347.0
88347.0
88347.0
88347.0
88347.0
88348.0
88348.0
88348.0
88348.0
88348.0
88348.0
88348.0
88348.0
88348.0
88347.0
88347.0
88346.0
88345.0
88344.0
88343.0
88342.0
88341.0
88339.0
88338.0
88336.0
88334.0
88333.0
88331.0
88329.0
88327.0
88325.0
88323.0
88321.0
88319.0
88317.0
88315.0
88312.0
88310.0
88309.0
88307.0
88305.0
88303.0
88301.0
88299.0
88298.0
88296.0
88294.0
88292.0
88291.0
88289.0
88287.0
88286.0
88285.0
88283.0
88282.0
88281.0
88280.0
88279.0
88278.0
88278.0
88277.0
88277.0
88276.0
88276.0
88276.0
88275.0
88275.0
88274.0
88274.0
88274.0
88273.0
88273.0
88273.0
88272.0
88272.0
88272.0
88272.0
88272.0
88272.0
88272.0
88272.0
88273.0
88273.0
88273.0
88274.0
88274.0
88275.0
88275.0
88276.0
88277.0
88277.0
88278.0
88279.0
88280.0
88281.0
88281.0
88282.0
88283.0
88283.0
88284.0
88284.0
88285.0
88285.0
88285.0
88284.0
88284.0
88284.0
88283.0
88282.0
88281.0
88280.0
88280.0
88278.0
88277.0
88276.0
88275.0
88274.0
88272.0
88271.0
88269.0
88268.0
88266.0
88265.0
88263.0
88262.0
88260.0
88259.0
88257.0
88256.0
88254.0
88253.0
88251.0
88249.0
88248.0
88246.0
88244.0
88242.0
88241.0
88239.0
88237.0
88236.0
88234.0
88233.0
88232.0
88231.0
88230.0
88229.0
88228.0
88227.0
88227.0
88226.0
88225.0
88225.0
88225.0
88225.0
88225.0
88225.0
88225.0
88225.0
88225.0
88226.0
88226.0
88226.0
88226.0
88226.0
88226.0
88226.0
88226.0
88226.0
88226.0
88226.0
88226.0
88226.0
88226.0
88226.0
88226.0
88226.0
88226.0
88226.0
88226.0
88227.0
88227.0
88227.0
88227.0
88227.0
88228.0
88228.0
88228.0
88228.0
88228.0
88227.0
88227.0
88226.0
88226.0
88225.0
88225.0
88224.0
88223.0
88222.0
88221.0
88220.0
88219.0
88218.0
88217.0
88216.0
88215.0
88214.0
88213.0
88211.0
88210.0
88209.0
88208.0
88207.0
88206.0
88205.0
88204.0
88202.0
88201.0
88200.0
88200.0
88199.0
88198.0
88197.0
88196.0
88196.0
88195.0
88195.0
88194.0
88194.0
88193.0
88193.0
88193.0
88192.0
88192.0
88192.0
88193.0
88193.0
88193.0
88193.0
88193.0
88194.0
88194.0
88194.0
88195.0
88195.0
88195.0
88196.0
88196.0
88196.0
88197.0
88197.0
88198.0
88198.0
88199.0
88199.0
88199.0
88200.0
88200.0
88200.0
88200.0
88200.0
88200.0
88200.0
88200.0
88201.0
88201.0
88201.0
88201.0
88201.0
88202.0
88202.0
88202.0
88202.0
88202.0
88202.0
88202.0
88201.0
88201.0
88200.0
88200.0
88199.0
88199.0
88198.0
88197.0
88197.0
88196.0
88195.0
88194.0
88194.0
88193.0
88191.0
88190.0
88189.0
88188.0
88187.0
88186.0
88185.0
88184.0
88183.0
88182.0
88181.0
88180.0
88179.0
88179.0
88178.0
88177.0
88177.0
88176.0
88176.0
88175.0
88175.0
88175.0
88174.0
88174.0
88174.0
88174.0
88173.0
88173.0
88173.0
88173.0
88173.0
88173.0
88173.0
88174.0
88174.0
88174.0
88175.0
88175.0
88175.0
88176.0
88177.0
88177.0
88177.0
88178.0
88178.0
88179.0
88179.0
88180.0
88180.0
88181.0
88181.0
88181.0
88181.0
88181.0
88181.0
88180.0
88180.0
88179.0
88178.0
88177.0
88176.0
88175.0
88174.0
88173.0
88171.0
88170.0
88169.0
88169.0
88168.0
88167.0
88166.0
88164.0
88163.0
88162.0
88160.0
88159.0
88157.0
88155.0
88154.0
88152.0
88150.0
88148.0
88147.0
88145.0
88144.0
88142.0
88140.0
88139.0
88137.0
88136.0
88134.0
88133.0
88132.0
88131.0
88130.0
88129.0
88128.0
88127.0
88127.0
88126.0
88126.0
88125.0
88125.0
88125.0
88125.0
88125.0
88125.0
88125.0
88126.0
88126.0
88126.0
88127.0
88127.0
88128.0
88128.0
88129.0
88130.0
88130.0
88131.0
88132.0
88133.0
88134.0
88135.0
88136.0
88137.0
88138.0
88139.0
88140.0
88141.0
88142.0
88143.0
88144.0
88145.0
88146.0
88147.0
88148.0
88148.0
88149.0
88149.0
88150.0
88150.0
88151.0
88151.0
88151.0
88151.0
88152.0
88152.0
88152.0
88152.0
88152.0
88152.0
88152.0
88152.0
88152.0
88152.0
88152.0
88152.0
88152.0
88151.0
88151.0
88150.0
88150.0
88149.0
88148.0
88148.0
88147.0
88146.0
88145.0
88144.0
88143.0
88142.0
88141.0
88139.0
88138.0
88137.0
88135.0
88134.0
88133.0
88132.0
88130.0
88129.0
88128.0
88127.0
88125.0
88124.0
88123.0
88122.0
88121.0
88120.0
88119.0
88118.0
88117.0
88117.0
88116.0
88115.0
88115.0
88114.0
88113.0
88113.0
88112.0
88112.0
88112.0
88111.0
88111.0
88111.0
88111.0
88111.0
88112.0
88112.0
88112.0
88113.0
88113.0
88114.0
88114.0
88115.0
88115.0
88116.0
88116.0
88117.0
88117.0
88117.0
88117.0
88118.0
88118.0
88118.0
88118.0
88118.0
88118.0
88119.0
88119.0
88119.0
88120.0
88120.0
88121.0
88121.0
88121.0
88122.0
88122.0
88122.0
88122.0
88122.0
88121.0
88121.0
88120.0
88119.0
88118.0
88117.0
88116.0
88115.0
88114.0
88113.0
88111.0
88110.0
88108.0
88107.0
88106.0
88104.0
88103.0
88102.0
88101.0
88100.0
88099.0
88098.0
88097.0
88097.0
88096.0
88095.0
88095.0
88094.0
88094.0
88093.0
88093.0
88092.0
88092.0
88091.0
88091.0
88091.0
88090.0
88090.0
88090.0
88089.0
88089.0
88089.0
88089.0
88089.0
88089.0
88089.0
88089.0
88089.0
88090.0
88090.0
88091.0
88092.0
88092.0
88093.0
88094.0
88095.0
88095.0
88096.0
88097.0
88098.0
88098.0
88099.0
88100.0
88101.0
88102.0
88102.0
88103.0
88104.0
88104.0
88105.0
88106.0
88107.0
88107.0
88108.0
88109.0
88110.0
88111.0
88111.0
88112.0
88112.0
88112.0
88113.0
88113.0
88112.0
88112.0
88112.0
88111.0
88111.0
88110.0
88109.0
88108.0
88107.0
88106.0
88105.0
88103.0
88102.0
88101.0
88099.0
88098.0
88096.0
88094.0
88093.0
88091.0
88089.0
88088.0
88086.0
88084.0
88083.0
88081.0
88080.0
88078.0
88077.0
88076.0
88075.0
88074.0
88073.0
88073.0
88072.0
88072.0
88072.0
88072.0
88073.0
88073.0
88074.0
88074.0
88075.0
88076.0
88077.0
88077.0
88078.0
88079.0
88080.0
88081.0
88082.0
88082.0
88083.0
88084.0
88084.0
88085.0
88085.0
88086.0
88086.0
88086.0
88087.0
88087.0
88087.0
88087.0
88087.0
88088.0
88088.0
88088.0
88088.0
88088.0
88089.0
88089.0
88090.0
88090.0
88091.0
88091.0
88092.0
88092.0
88092.0
88093.0
88093.0
88093.0
88093.0
88093.0
88093.0
88092.0
88092.0
88092.0
88091.0
88091.0
88090.0
88090.0
88089.0
88088.0
88087.0
88086.0
88084.0
88083.0
88082.0
88080.0
88079.0
88078.0
88076.0
88075.0
88074.0
88073.0
88071.0
88070.0
88069.0
88068.0
88067.0
88066.0
88065.0
88064.0
88064.0
88063.0
88062.0
88061.0
88060.0
88060.0
88059.0
88058.0
88058.0
88057.0
88057.0
88056.0
88056.0
88056.0
88055.0
88055.0
88055.0
88055.0
88055.0
88055.0
88055.0
88055.0
88055.0
88055.0
88055.0
88055.0
88056.0
88056.0
88056.0
88057.0
88057.0
88058.0
88058.0
88059.0
88059.0
88060.0
88061.0
88061.0
88062.0
88063.0
88064.0
88064.0
88065.0
88066.0
88066.0
88066.0
88066.0
88066.0
88066.0
88066.0
88065.0
88064.0
88063.0
88063.0
88062.0
88061.0
88060.0
88058.0
88057.0
88056.0
88055.0
88053.0
88052.0
88051.0
88049.0
88048.0
88047.0
88046.0
88045.0
88043.0
88042.0
88041.0
88041.0
88040.0
88039.0
88038.0
88037.0
88037.0
88036.0
88035.0
88034.0
88034.0
88033.0
88032.0
88032.0
88031.0
88031.0
88030.0
88030.0
88029.0
88029.0
88029.0
88029.0
88028.0
88028.0
88028.0
88028.0
88028.0
88028.0
88029.0
88029.0
88029.0
88030.0
88030.0
88031.0
88032.0
88033.0
88034.0
88035.0
88036.0
88037.0
88038.0
88039.0
88040.0
88041.0
88042.0
88043.0
88044.0
88045.0
88046.0
88047.0
88048.0
88049.0
88050.0
88051.0
88052.0
88053.0
88054.0
88054.0
88055.0
88055.0
88055.0
88055.0
88055.0
88055.0
88055.0
88054.0
88054.0
88054.0
88053.0
88052.0
88052.0
88051.0
88050.0
88050.0
88049.0
88048.0
88047.0
88046.0
88045.0
88044.0
88043.0
88042.0
88041.0
88040.0
88039.0
88038.0
88037.0
88036.0
88035.0
88034.0
88033.0
88032.0
88031.0
88030.0
88030.0
88029.0
88028.0
88027.0
88027.0
88026.0
88026.0
88025.0
88025.0
88024.0
88024.0
88024.0
88024.0
88024.0
88024.0
88024.0
88024.0
88024.0
88024.0
88024.0
88024.0
88024.0
88024.0
88024.0
88024.0
88024.0
88025.0
88025.0
88025.0
88025.0
88025.0
88025.0
88025.0
88026.0
88026.0
88026.0
88026.0
88027.0
88027.0
88028.0
88028.0
88029.0
88029.0
88030.0
88030.0
88031.0
88031.0
88032.0
88032.0
88032.0
88032.0
88032.0
88032.0
88032.0
88032.0
88031.0
88031.0
88030.0
88030.0
88029.0
88029.0
88028.0
88027.0
88026.0
88025.0
88024.0
88023.0
88022.0
88021.0
88020.0
88019.0
88018.0
88017.0
88016.0
88015.0
88014.0
88012.0
88011.0
88010.0
88009.0
88008.0
88007.0
88005.0
88004.0
88003.0
88002.0
88001.0
88000.0
87999.0
87998.0
87997.0
87996.0
87995.0
87995.0
87994.0
87993.0
87992.0
87992.0
87991.0
87991.0
87990.0
87990.0
87989.0
87989.0
87989.0
87988.0
87988.0
87988.0
87987.0
87987.0
87986.0
87986.0
87986.0
87985.0
87985.0
87985.0
87984.0
87984.0
87984.0
87983.0
87983.0
87983.0
87982.0
87982.0
87981.0
87981.0
87980.0
87980.0
87980.0
87980.0
87980.0
87980.0
87979.0
87979.0
87979.0
87979.0
87978.0
87978.0
87977.0
87976.0
87976.0
87975.0
87974.0
87973.0
87972.0
87971.0
87970.0
87969.0
87968.0
87966.0
87965.0
87964.0
87962.0
87961.0
87959.0
87958.0
87956.0
87955.0
87954.0
87952.0
87951.0
87949.0
87948.0
87947.0
87945.0
87944.0
87943.0
87942.0
87941.0
87940.0
87939.0
87938.0
87938.0
87937.0
87937.0
87936.0
87936.0
87936.0
87936.0
87935.0
87936.0
87936.0
87936.0
87936.0
87937.0
87938.0
87938.0
87939.0
87940.0
87940.0
87941.0
87942.0
87943.0
87944.0
87945.0
87946.0
87947.0
87948.0
87949.0
87950.0
87951.0
87952.0
87953.0
87954.0
87955.0
87957.0
87958.0
87960.0
87961.0
87963.0
87965.0
87967.0
87968.0
87970.0
87972.0
87974.0
87976.0
87978.0
87979.0
87981.0
87982.0
87983.0
87984.0
87985.0
87985.0
87985.0
87986.0
87986.0
87986.0
87985.0
87985.0
87984.0
87984.0
87983.0
87982.0
87981.0
87981.0
87980.0
87979.0
87978.0
87977.0
87976.0
87975.0
87974.0
87973.0
87973.0
87972.0
87971.0
87971.0
87970.0
87970.0
87969.0
87969.0
87969.0
87968.0
87968.0
87968.0
87968.0
87968.0
87968.0
87968.0
87968.0
87968.0
87968.0
87968.0
87969.0
87969.0
87970.0
87970.0
87971.0
87972.0
87972.0
87973.0
87974.0
87974.0
87975.0
87976.0
87976.0
87977.0
87977.0
87978.0
87979.0
87979.0
87980.0
87980.0
87981.0
87982.0
87982.0
87983.0
87984.0
87985.0
87986.0
87986.0
87987.0
87988.0
87988.0
87989.0
87990.0
87990.0
87991.0
87992.0
87993.0
87993.0
87994.0
87995.0
87996.0
87996.0
87996.0
87997.0
87997.0
87997.0
87997.0
87997.0
87997.0
87996.0
87996.0
87996.0
87995.0
87995.0
87994.0
87993.0
87992.0
87992.0
87991.0
87990.0
87989.0
87988.0
87987.0
87985.0
87984.0
87983.0
87982.0
87982.0
87981.0
87980.0
87979.0
87978.0
87977.0
87976.0
87975.0
87974.0
87973.0
87972.0
87971.0
87970.0
87969.0
87968.0
87968.0
87967.0
87966.0
87965.0
87964.0
87964.0
87963.0
87962.0
87962.0
87962.0
87962.0
87961.0
87961.0
87961.0
87961.0
87961.0
87961.0
87961.0
87961.0
87961.0
87961.0
87961.0
87961.0
87961.0
87961.0
87961.0
87961.0
87961.0
87961.0
87961.0
87961.0
87961.0
87960.0
87960.0
87960.0
87960.0
87960.0
87960.0
87960.0
87960.0
87960.0
87960.0
87960.0
87960.0
87960.0
87960.0
87960.0
87960.0
87959.0
87959.0
87958.0
87957.0
87957.0
87956.0
87955.0
87954.0
87953.0
87952.0
87951.0
87950.0
87948.0
87947.0
87946.0
87945.0
87943.0
87942.0
87941.0
87940.0
87939.0
87938.0
87937.0
87937.0
87936.0
87935.0
87934.0
87934.0
87933.0
87932.0
87932.0
87931.0
87931.0
87930.0
87930.0
87929.0
87929.0
87928.0
87928.0
87928.0
87927.0
87927.0
87927.0
87927.0
87926.0
87926.0
87926.0
87926.0
87926.0
87926.0
87927.0
87927.0
87928.0
87928.0
87929.0
87930.0
87931.0
87932.0
87932.0
87933.0
87934.0
87935.0
87936.0
87937.0
87938.0
87939.0
87940.0
87941.0
87942.0
87943.0
87944.0
87945.0
87946.0
87947.0
87948.0
87949.0
87950.0
87951.0
87952.0
87953.0
87954.0
87955.0
87956.0
87956.0
87957.0
87957.0
87957.0
87957.0
87957.0
87957.0
87957.0
87957.0
87957.0
87957.0
87957.0
87956.0
87956.0
87955.0
87955.0
87954.0
87954.0
87953.0
87952.0
87952.0
87951.0
87950.0
87949.0
87948.0
87948.0
87947.0
87946.0
87945.0
87944.0
87943.0
87942.0
87941.0
87940.0
87940.0
87939.0
87938.0
87938.0
87937.0
87937.0
87937.0
87937.0
87936.0
87936.0
87937.0
87937.0
87937.0
87938.0
87938.0
87939.0
87939.0
87940.0
87941.0
87941.0
87942.0
87943.0
87943.0
87944.0
87945.0
87945.0
87946.0
87947.0
87947.0
87948.0
87949.0
87949.0
87950.0
87950.0
87951.0
87952.0
87952.0
87953.0
87954.0
87954.0
87955.0
87956.0
87956.0
87957.0
87958.0
87958.0
87959.0
87959.0
87960.0
87960.0
87960.0
87960.0
87961.0
87960.0
87960.0
87960.0
87960.0
87959.0
87959.0
87958.0
87957.0
87956.0
87956.0
87955.0
87954.0
87952.0
87951.0
87950.0
87949.0
87947.0
87946.0
87945.0
87943.0
87942.0
87941.0
87939.0
87938.0
87937.0
87936.0
87935.0
87934.0
87933.0
87932.0
87931.0
87930.0
87929.0
87928.0
87927.0
87926.0
87925.0
87924.0
87924.0
87923.0
87922.0
87921.0
87921.0
87920.0
87919.0
87919.0
87919.0
87918.0
87918.0
87917.0
87917.0
87917.0
87917.0
87916.0
87916.0
87916.0
87916.0
87916.0
87915.0
87915.0
87915.0
87915.0
87915.0
87915.0
87915.0
87914.0
87914.0
87914.0
87914.0
87914.0
87913.0
87913.0
87913.0
87913.0
87913.0
87912.0
87912.0
87912.0
87912.0
87912.0
87912.0
87912.0
87911.0
87911.0
87910.0
87909.0
87908.0
87907.0
87906.0
87905.0
87904.0
87903.0
87902.0
87901.0
87900.0
87899.0
87897.0
87896.0
87895.0
87894.0
87892.0
87891.0
87889.0
87888.0
87887.0
87885.0
87884.0
87883.0
87881.0
87880.0
87878.0
87877.0
87876.0
87874.0
87873.0
87872.0
87870.0
87869.0
87868.0
87867.0
87866.0
87865.0
87864.0
87863.0
87862.0
87861.0
87861.0
87860.0
87860.0
87859.0
87859.0
87859.0
87858.0
87858.0
87858.0
87857.0
87857.0
87857.0
87856.0
87856.0
87856.0
87856.0
87856.0
87857.0
87857.0
87858.0
87858.0
87859.0
87860.0
87860.0
87861.0
87862.0
87863.0
87864.0
87865.0
87866.0
87867.0
87868.0
87870.0
87871.0
87872.0
87873.0
87874.0
87874.0
87875.0
87875.0
87875.0
87875.0
87875.0
87875.0
87874.0
87874.0
87873.0
87873.0
87872.0
87871.0
87870.0
87870.0
87869.0
87868.0
87867.0
87867.0
87866.0
87865.0
87865.0
87864.0
87863.0
87863.0
87862.0
87861.0
87861.0
87860.0
87860.0
87859.0
87858.0
87858.0
87857.0
87857.0
87856.0
87855.0
87855.0
87854.0
87854.0
87853.0
87853.0
87852.0
87852.0
87851.0
87851.0
87850.0
87850.0
87849.0
87849.0
87849.0
87848.0
87848.0
87848.0
87848.0
87849.0
87849.0
87849.0
87850.0
87850.0
87850.0
87851.0
87852.0
87852.0
87853.0
87853.0
87854.0
87855.0
87855.0
87856.0
87856.0
87857.0
87858.0
87858.0
87859.0
87860.0
87861.0
87861.0
87862.0
87863.0
87864.0
87864.0
87865.0
87865.0
87866.0
87866.0
87866.0
87866.0
87866.0
87866.0
87866.0
87865.0
87864.0
87863.0
87863.0
87862.0
87861.0
87860.0
87859.0
87857.0
87856.0
87855.0
87854.0
87853.0
87852.0
87851.0
87850.0
87848.0
87847.0
87846.0
87845.0
87844.0
87844.0
87843.0
87842.0
87841.0
87840.0
87839.0
87838.0
87837.0
87836.0
87835.0
87835.0
87834.0
87834.0
87833.0
87833.0
87833.0
87832.0
87832.0
87832.0
87833.0
87833.0
87833.0
87833.0
87834.0
87834.0
87835.0
87835.0
87835.0
87836.0
87836.0
87837.0
87837.0
87838.0
87838.0
87839.0
87839.0
87840.0
87840.0
87841.0
87841.0
87842.0
87842.0
87843.0
87843.0
87844.0
87844.0
87845.0
87846.0
87846.0
87847.0
87848.0
87849.0
87849.0
87850.0
87851.0
87851.0
87852.0
87852.0
87853.0
87853.0
87853.0
87853.0
87853.0
87853.0
87852.0
87852.0
87851.0
87850.0
87849.0
87848.0
87847.0
87846.0
87845.0
87843.0
87842.0
87841.0
87839.0
87837.0
87836.0
87834.0
87833.0
87832.0
87830.0
87829.0
87828.0
87827.0
87826.0
87825.0
87824.0
87823.0
87822.0
87822.0
87821.0
87820.0
87820.0
87819.0
87818.0
87818.0
87817.0
87817.0
87817.0
87816.0
87816.0
87816.0
87816.0
87815.0
87815.0
87815.0
87815.0
87815.0
87815.0
87815.0
87815.0
87815.0
87815.0
87815.0
87814.0
87814.0
87814.0
87814.0
87814.0
87813.0
87813.0
87813.0
87813.0
87812.0
87812.0
87812.0
87812.0
87812.0
87812.0
87812.0
87812.0
87812.0
87812.0
87812.0
87813.0
87813.0
87813.0
87813.0
87813.0
87813.0
87813.0
87812.0
87812.0
87811.0
87811.0
87810.0
87809.0
87808.0
87808.0
87807.0
87806.0
87805.0
87804.0
87803.0
87801.0
87800.0
87800.0
87799.0
87798.0
87797.0
87796.0
87795.0
87794.0
87794.0
87793.0
87793.0
87792.0
87792.0
87791.0
87791.0
87791.0
87790.0
87790.0
87790.0
87789.0
87789.0
87789.0
87788.0
87788.0
87788.0
87788.0
87787.0
87787.0
87787.0
87787.0
87787.0
87788.0
87788.0
87788.0
87788.0
87788.0
87789.0
87789.0
87790.0
87790.0
87791.0
87792.0
87792.0
87793.0
87794.0
87794.0
87795.0
87796.0
87797.0
87797.0
87798.0
87799.0
87800.0
87801.0
87801.0
87802.0
87803.0
87803.0
87804.0
87804.0
87805.0
87805.0
87806.0
87806.0
87806.0
87806.0
87806.0
87806.0
87806.0
87806.0
87806.0
87805.0
87805.0
87804.0
87804.0
87803.0
87803.0
87802.0
87801.0
87801.0
87800.0
87799.0
87799.0
87798.0
87797.0
87796.0
87795.0
87794.0
87793.0
87792.0
87792.0
87791.0
87790.0
87789.0
87788.0
87787.0
87786.0
87785.0
87784.0
87783.0
87783.0
87782.0
87781.0
87781.0
87780.0
87780.0
87779.0
87779.0
87779.0
87779.0
87779.0
87779.0
87779.0
87779.0
87779.0
87780.0
87780.0
87781.0
87781.0
87782.0
87782.0
87783.0
87783.0
87783.0
87784.0
87784.0
87784.0
87785.0
87785.0
87785.0
87786.0
87786.0
87786.0
87787.0
87787.0
87787.0
87788.0
87788.0
87789.0
87789.0
87790.0
87790.0
87791.0
87792.0
87792.0
87793.0
87793.0
87794.0
87795.0
87795.0
87796.0
87796.0
87796.0
87796.0
87796.0
87796.0
87796.0
87795.0
87795.0
87794.0
87793.0
87793.0
87792.0
87791.0
87789.0
87788.0
87787.0
87785.0
87784.0
87782.0
87781.0
87779.0
87778.0
87777.0
87775.0
87774.0
87772.0
87771.0
87769.0
87768.0
87767.0
87765.0
87764.0
87763.0
87762.0
87760.0
87759.0
87758.0
87757.0
87756.0
87755.0
87754.0
87753.0
87752.0
87752.0
87751.0
87750.0
87750.0
87749.0
87749.0
87748.0
87748.0
87748.0
87747.0
87747.0
87747.0
87747.0
87747.0
87747.0
87746.0
87746.0
87746.0
87746.0
87746.0
87746.0
87746.0
87746.0
87746.0
87746.0
87746.0
87746.0
87746.0
87746.0
87746.0
87746.0
87746.0
87746.0
87747.0
87747.0
87747.0
87747.0
87748.0
87748.0
87749.0
87750.0
87750.0
87751.0
87751.0
87751.0
87752.0
87752.0
87751.0
87751.0
87751.0
87751.0
87750.0
87750.0
87749.0
87749.0
87748.0
87748.0
87747.0
87746.0
87746.0
87745.0
87744.0
87744.0
87743.0
87742.0
87741.0
87741.0
87740.0
87739.0
87738.0
87738.0
87737.0
87736.0
87736.0
87735.0
87735.0
87735.0
87734.0
87734.0
87734.0
87734.0
87734.0
87734.0
87734.0
87734.0
87734.0
87734.0
87735.0
87735.0
87736.0
87736.0
87737.0
87737.0
87738.0
87739.0
87740.0
87741.0
87742.0
87743.0
87744.0
87745.0
87746.0
87747.0
87748.0
87749.0
87751.0
87752.0
87753.0
87754.0
87755.0
87757.0
87758.0
87759.0
87760.0
87761.0
87762.0
87763.0
87764.0
87765.0
87766.0
87767.0
87768.0
87768.0
87769.0
87769.0
87770.0
87770.0
87770.0
87770.0
87770.0
87770.0
87769.0
87769.0
87769.0
87769.0
87768.0
87768.0
87767.0
87767.0
87767.0
87766.0
87766.0
87765.0
87765.0
87764.0
87764.0
87764.0
87763.0
87763.0
87762.0
87762.0
87761.0
87761.0
87760.0
87760.0
87759.0
87759.0
87759.0
87758.0
87758.0
87758.0
87758.0
87757.0
87757.0
87757.0
87757.0
87757.0
87757.0
87757.0
87757.0
87757.0
87757.0
87757.0
87757.0
87757.0
87757.0
87758.0
87758.0
87758.0
87758.0
87758.0
87759.0
87759.0
87759.0
87759.0
87760.0
87760.0
87760.0
87760.0
87760.0
87760.0
87761.0
87761.0
87761.0
87762.0
87762.0
87763.0
87763.0
87763.0
87764.0
87764.0
87765.0
87765.0
87765.0
87765.0
87765.0
87765.0
87765.0
87765.0
87764.0
87764.0
87763.0
87763.0
87762.0
87762.0
87761.0
87760.0
87760.0
87759.0
87758.0
87757.0
87757.0
87756.0
87755.0
87755.0
87754.0
87754.0
87754.0
87753.0
87753.0
87753.0
87753.0
87754.0
87754.0
87755.0
87756.0
87757.0
87758.0
87760.0
87761.0
87762.0
87764.0
87765.0
87767.0
87768.0
87769.0
87771.0
87772.0
87774.0
87776.0
87777.0
87779.0
87781.0
87783.0
87785.0
87787.0
87788.0
87790.0
87792.0
87793.0
87795.0
87796.0
87797.0
87799.0
87800.0
87801.0
87802.0
87804.0
87805.0
87806.0
87807.0
87808.0
87809.0
87810.0
87812.0
87813.0
87814.0
87815.0
87816.0
87817.0
87818.0
87819.0
87820.0
87821.0
87822.0
87822.0
87823.0
87824.0
87824.0
87825.0
87825.0
87826.0
87826.0
87826.0
87826.0
87826.0
87826.0
87825.0
87825.0
87825.0
87825.0
87825.0
87825.0
87825.0
87826.0
87826.0
87826.0
87827.0
87827.0
87829.0
87830.0
87832.0
87833.0
87835.0
87837.0
87840.0
87842.0
87844.0
87846.0
87848.0
87851.0
87853.0
87855.0
87858.0
87860.0
87863.0
87866.0
87869.0
87872.0
87875.0
87878.0
87881.0
87883.0
87886.0
87888.0
87890.0
87892.0
87894.0
87896.0
87898.0
87899.0
87900.0
87902.0
87902.0
87903.0
87904.0
87904.0
87904.0
87904.0
87904.0
87904.0
87903.0
87903.0
87902.0
87901.0
87901.0
87900.0
87899.0
87898.0
87898.0
87897.0
87896.0
87895.0
87895.0
87894.0
87893.0
87892.0
87891.0
87890.0
87888.0
87887.0
87885.0
87884.0
87882.0
87880.0
87878.0
87876.0
87874.0
87872.0
87870.0
87868.0
87865.0
87863.0
87861.0
87858.0
87855.0
87853.0
87850.0
87847.0
87845.0
87842.0
87839.0
87837.0
87834.0
87831.0
87829.0
87826.0
87824.0
87822.0
87820.0
87817.0
87816.0
87814.0
87812.0
87811.0
87809.0
87808.0
87807.0
87806.0
87806.0
87805.0
87805.0
87804.0
87804.0
87804.0
87804.0
87804.0
87805.0
87805.0
87805.0
87806.0
87806.0
87806.0
87807.0
87807.0
87808.0
87808.0
87809.0
87809.0
87809.0
87810.0
87810.0
87811.0
87811.0
87812.0
87812.0
87812.0
87813.0
87813.0
87814.0
87815.0
87815.0
87816.0
87816.0
87817.0
87818.0
87819.0
87819.0
87820.0
87820.0
87821.0
87821.0
87821.0
87821.0
87821.0
87821.0
87820.0
87820.0
87819.0
87818.0
87818.0
87817.0
87816.0
87815.0
87813.0
87812.0
87811.0
87809.0
87808.0
87806.0
87804.0
87803.0
87801.0
87799.0
87798.0
87796.0
87795.0
87794.0
87793.0
87791.0
87790.0
87790.0
87789.0
87788.0
87787.0
87786.0
87786.0
87785.0
87784.0
87784.0
87783.0
87783.0
87782.0
87782.0
87781.0
87781.0
87781.0
87781.0
87781.0
87781.0
87781.0
87781.0
87781.0
87782.0
87782.0
87783.0
87784.0
87784.0
87785.0
87786.0
87786.0
87787.0
87788.0
87788.0
87789.0
87790.0
87790.0
87791.0
87792.0
87792.0
87793.0
87794.0
87794.0
87795.0
87796.0
87796.0
87797.0
87797.0
87798.0
87798.0
87799.0
87799.0
87800.0
87800.0
87800.0
87801.0
87800.0
87800.0
87800.0
87799.0
87799.0
87798.0
87797.0
87796.0
87795.0
87794.0
87793.0
87791.0
87790.0
87789.0
87787.0
87786.0
87784.0
87783.0
87781.0
87780.0
87778.0
87777.0
87776.0
87774.0
87773.0
87772.0
87771.0
87769.0
87768.0
87767.0
87766.0
87765.0
87764.0
87764.0
87763.0
87762.0
87761.0
87761.0
87760.0
87759.0
87759.0
87758.0
87758.0
87758.0
87758.0
87757.0
87757.0
87757.0
87757.0
87757.0
87757.0
87757.0
87757.0
87757.0
87757.0
87758.0
87758.0
87758.0
87758.0
87758.0
87758.0
87758.0
87758.0
87758.0
87758.0
87758.0
87758.0
87758.0
87758.0
87759.0
87759.0
87759.0
87759.0
87759.0
87759.0
87759.0
87759.0
87759.0
87759.0
87759.0
87758.0
87758.0
87757.0
87757.0
87756.0
87755.0
87755.0
87754.0
87753.0
87752.0
87751.0
87750.0
87749.0
87748.0
87746.0
87745.0
87744.0
87742.0
87741.0
87739.0
87738.0
87736.0
87735.0
87734.0
87732.0
87731.0
87730.0
87728.0
87727.0
87726.0
87725.0
87724.0
87723.0
87722.0
87721.0
87720.0
87719.0
87719.0
87718.0
87718.0
87717.0
87717.0
87717.0
87717.0
87717.0
87717.0
87717.0
87717.0
87717.0
87717.0
87718.0
87718.0
87719.0
87720.0
87720.0
87721.0
87722.0
87723.0
87724.0
87725.0
87726.0
87727.0
87728.0
87729.0
87730.0
87731.0
87732.0
87732.0
87733.0
87734.0
87735.0
87736.0
87737.0
87738.0
87739.0
87739.0
87739.0
87740.0
87740.0
87740.0
87740.0
87739.0
87739.0
87738.0
87738.0
87737.0
87736.0
87735.0
87734.0
87733.0
87732.0
87731.0
87730.0
87729.0
87728.0
87727.0
87726.0
87725.0
87724.0
87723.0
87722.0
87721.0
87720.0
87719.0
87718.0
87717.0
87716.0
87716.0
87715.0
87715.0
87714.0
87714.0
87713.0
87713.0
87713.0
87713.0
87712.0
87712.0
87712.0
87712.0
87712.0
87712.0
87712.0
87712.0
87713.0
87713.0
87714.0
87715.0
87715.0
87716.0
87717.0
87718.0
87719.0
87720.0
87721.0
87722.0
87723.0
87724.0
87725.0
87726.0
87727.0
87728.0
87729.0
87730.0
87731.0
87732.0
87733.0
87734.0
87735.0
87736.0
87737.0
87738.0
87739.0
87740.0
87741.0
87741.0
87742.0
87742.0
87743.0
87743.0
87743.0
87743.0
87743.0
87743.0
87743.0
87742.0
87741.0
87741.0
87740.0
87739.0
87738.0
87737.0
87736.0
87734.0
87733.0
87732.0
87730.0
87729.0
87728.0
87727.0
87725.0
87724.0
87723.0
87722.0
87720.0
87719.0
87718.0
87717.0
87715.0
87714.0
87713.0
87712.0
87711.0
87710.0
87709.0
87709.0
87708.0
87707.0
87706.0
87706.0
87705.0
87705.0
87705.0
87704.0
87704.0
87704.0
87704.0
87704.0
87704.0
87704.0
87704.0
87704.0
87705.0
87705.0
87705.0
87706.0
87706.0
87707.0
87707.0
87708.0
87709.0
87709.0
87710.0
87711.0
87711.0
87712.0
87712.0
87713.0
87714.0
87714.0
87715.0
87716.0
87716.0
87717.0
87718.0
87718.0
87719.0
87719.0
87720.0
87720.0
87721.0
87721.0
87722.0
87722.0
87722.0
87721.0
87721.0
87720.0
87720.0
87719.0
87719.0
87718.0
87717.0
87716.0
87715.0
87714.0
87713.0
87711.0
87710.0
87708.0
87707.0
87705.0
87703.0
87701.0
87699.0
87697.0
87696.0
87694.0
87692.0
87691.0
87689.0
87687.0
87686.0
87684.0
87682.0
87681.0
87679.0
87678.0
87677.0
87675.0
87674.0
87673.0
87672.0
87671.0
87671.0
87670.0
87670.0
87669.0
87669.0
87669.0
87669.0
87669.0
87670.0
87670.0
87670.0
87671.0
87671.0
87672.0
87672.0
87673.0
87674.0
87674.0
87675.0
87675.0
87676.0
87677.0
87678.0
87678.0
87679.0
87680.0
87680.0
87681.0
87682.0
87683.0
87683.0
87684.0
87685.0
87686.0
87687.0
87687.0
87688.0
87688.0
87689.0
87689.0
87689.0
87689.0
87689.0
87689.0
87688.0
87688.0
87688.0
87687.0
87687.0
87686.0
87685.0
87684.0
87683.0
87682.0
87681.0
87680.0
87679.0
87678.0
87677.0
87676.0
87675.0
87674.0
87673.0
87672.0
87672.0
87671.0
87670.0
87670.0
87669.0
87669.0
87669.0
87668.0
87668.0
87668.0
87668.0
87668.0
87668.0
87668.0
87668.0
87668.0
87668.0
87668.0
87669.0
87669.0
87669.0
87670.0
87670.0
87671.0
87671.0
87671.0
87672.0
87672.0
87673.0
87673.0
87674.0
87675.0
87676.0
87677.0
87677.0
87678.0
87679.0
87680.0
87681.0
87682.0
87683.0
87684.0
87685.0
87686.0
87687.0
87687.0
87689.0
87690.0
87691.0
87692.0
87693.0
87694.0
87695.0
87696.0
87696.0
87697.0
87697.0
87698.0
87698.0
87698.0
87699.0
87699.0
87699.0
87699.0
87699.0
87698.0
87698.0
87698.0
87697.0
87697.0
87696.0
87695.0
87694.0
87694.0
87693.0
87692.0
87692.0
87691.0
87690.0
87689.0
87689.0
87688.0
87687.0
87687.0
87686.0
87686.0
87685.0
87685.0
87684.0
87684.0
87683.0
87683.0
87683.0
87683.0
87683.0
87683.0
87683.0
87683.0
87684.0
87684.0
87684.0
87684.0
87685.0
87685.0
87686.0
87686.0
87687.0
87687.0
87688.0
87688.0
87689.0
87690.0
87691.0
87692.0
87693.0
87694.0
87695.0
87696.0
87697.0
87698.0
87698.0
87699.0
87700.0
87701.0
87702.0
87702.0
87703.0
87704.0
87705.0
87706.0
87706.0
87707.0
87708.0
87709.0
87709.0
87710.0
87711.0
87711.0
87712.0
87712.0
87713.0
87713.0
87713.0
87713.0
87713.0
87713.0
87713.0
87712.0
87712.0
87712.0
87711.0
87711.0
87710.0
87710.0
87709.0
87708.0
87707.0
87706.0
87705.0
87704.0
87703.0
87702.0
87701.0
87700.0
87699.0
87698.0
87697.0
87696.0
87695.0
87694.0
87693.0
87692.0
87691.0
87690.0
87689.0
87688.0
87688.0
87687.0
87686.0
87686.0
87685.0
87685.0
87685.0
87685.0
87685.0
87685.0
87685.0
87685.0
87685.0
87686.0
87686.0
87687.0
87687.0
87688.0
87689.0
87689.0
87690.0
87691.0
87692.0
87692.0
87693.0
87694.0
87695.0
87695.0
87696.0
87697.0
87697.0
87698.0
87699.0
87699.0
87699.0
87700.0
87700.0
87701.0
87701.0
87702.0
87703.0
87703.0
87704.0
87704.0
87705.0
87705.0
87706.0
87706.0
87706.0
87706.0
87706.0
87705.0
87705.0
87705.0
87704.0
87704.0
87703.0
87702.0
87701.0
87700.0
87699.0
87698.0
87697.0
87695.0
87694.0
87693.0
87691.0
87690.0
87689.0
87687.0
87686.0
87684.0
87683.0
87682.0
87680.0
87679.0
87678.0
87677.0
87675.0
87674.0
87673.0
87672.0
87671.0
87671.0
87670.0
87669.0
87669.0
87668.0
87668.0
87668.0
87668.0
87668.0
87668.0
87668.0
87668.0
87669.0
87670.0
87670.0
87671.0
87672.0
87672.0
87673.0
87674.0
87675.0
87676.0
87677.0
87678.0
87679.0
87680.0
87681.0
87682.0
87682.0
87683.0
87684.0
87685.0
87685.0
87686.0
87687.0
87687.0
87688.0
87688.0
87689.0
87690.0
87691.0
87692.0
87693.0
87693.0
87694.0
87695.0
87696.0
87697.0
87697.0
87698.0
87698.0
87698.0
87698.0
87698.0
87698.0
87698.0
87697.0
87697.0
87696.0
87696.0
87695.0
87694.0
87693.0
87692.0
87691.0
87691.0
87690.0
87689.0
87688.0
87687.0
87686.0
87686.0
87685.0
87684.0
87684.0
87683.0
87682.0
87682.0
87681.0
87681.0
87680.0
87680.0
87679.0
87679.0
87678.0
87678.0
87678.0
87678.0
87677.0
87678.0
87678.0
87678.0
87678.0
87679.0
87679.0
87680.0
87681.0
87682.0
87682.0
87683.0
87684.0
87685.0
87686.0
87687.0
87688.0
87689.0
87690.0
87691.0
87693.0
87694.0
87695.0
87696.0
87697.0
87698.0
87699.0
87700.0
87700.0
87701.0
87702.0
87703.0
87704.0
87704.0
87705.0
87706.0
87707.0
87708.0
87708.0
87709.0
87710.0
87710.0
87711.0
87711.0
87711.0
87711.0
87711.0
87710.0
87710.0
87710.0
87709.0
87708.0
87708.0
87707.0
87706.0
87706.0
87705.0
87704.0
87703.0
87702.0
87701.0
87700.0
87699.0
87698.0
87697.0
87696.0
87695.0
87694.0
87694.0
87693.0
87692.0
87691.0
87690.0
87690.0
87689.0
87688.0
87688.0
87687.0
87687.0
87687.0
87686.0
87686.0
87685.0
87685.0
87685.0
87685.0
87684.0
87684.0
87684.0
87685.0
87685.0
87685.0
87685.0
87686.0
87686.0
87686.0
87687.0
87687.0
87687.0
87688.0
87688.0
87689.0
87689.0
87689.0
87690.0
87690.0
87691.0
87692.0
87692.0
87693.0
87693.0
87694.0
87695.0
87695.0
87696.0
87697.0
87697.0
87698.0
87699.0
87700.0
87701.0
87701.0
87702.0
87703.0
87704.0
87704.0
87705.0
87706.0
87707.0
87707.0
87708.0
87708.0
87709.0
87709.0
87709.0
87709.0
87708.0
87708.0
87707.0
87707.0
87706.0
87705.0
87704.0
87702.0
87701.0
87699.0
87698.0
87696.0
87694.0
87692.0
87690.0
87688.0
87686.0
87684.0
87682.0
87680.0
87678.0
87676.0
87674.0
87672.0
87670.0
87669.0
87667.0
87666.0
87664.0
87663.0
87662.0
87660.0
87659.0
87659.0
87658.0
87657.0
87656.0
87656.0
87656.0
87655.0
87655.0
87655.0
87655.0
87655.0
87655.0
87655.0
87656.0
87656.0
87657.0
87657.0
87658.0
87659.0
87660.0
87661.0
87662.0
87663.0
87664.0
87665.0
87666.0
87667.0
87668.0
87669.0
87670.0
87671.0
87673.0
87674.0
87675.0
87676.0
87677.0
87679.0
87680.0
87681.0
87682.0
87684.0
87685.0
87687.0
87688.0
87690.0
87691.0
87693.0
87695.0
87696.0
87697.0
87699.0
87700.0
87701.0
87702.0
87702.0
87703.0
87703.0
87703.0
87704.0
87704.0
87704.0
87703.0
87703.0
87703.0
87702.0
87701.0
87700.0
87700.0
87699.0
87698.0
87696.0
87695.0
87694.0
87693.0
87692.0
87691.0
87690.0
87689.0
87688.0
87687.0
87686.0
87685.0
87684.0
87683.0
87683.0
87682.0
87682.0
87681.0
87680.0
87680.0
87679.0
87679.0
87679.0
87678.0
87678.0
87678.0
87678.0
87678.0
87679.0
87679.0
87679.0
87680.0
87681.0
87681.0
87682.0
87683.0
87684.0
87685.0
87686.0
87687.0
87688.0
87689.0
87690.0
87691.0
87692.0
87693.0
87695.0
87696.0
87697.0
87698.0
87699.0
87700.0
87701.0
87702.0
87703.0
87703.0
87704.0
87705.0
87706.0
87707.0
87708.0
87709.0
87710.0
87711.0
87711.0
87712.0
87712.0
87712.0
87713.0
87713.0
87712.0
87712.0
87712.0
87711.0
87711.0
87710.0
87709.0
87708.0
87707.0
87706.0
87705.0
87704.0
87703.0
87701.0
87700.0
87699.0
87698.0
87697.0
87696.0
87694.0
87693.0
87692.0
87691.0
87690.0
87688.0
87687.0
87686.0
87685.0
87684.0
87683.0
87682.0
87682.0
87681.0
87680.0
87679.0
87678.0
87678.0
87677.0
87677.0
87676.0
87676.0
87676.0
87675.0
87675.0
87676.0
87676.0
87676.0
87676.0
87676.0
87677.0
87677.0
87677.0
87678.0
87678.0
87679.0
87679.0
87680.0
87680.0
87681.0
87681.0
87681.0
87682.0
87682.0
87683.0
87683.0
87683.0
87684.0
87684.0
87685.0
87685.0
87686.0
87686.0
87687.0
87687.0
87688.0
87689.0
87689.0
87690.0
87690.0
87691.0
87691.0
87691.0
87691.0
87691.0
87691.0
87691.0
87690.0
87690.0
87689.0
87688.0
87688.0
87687.0
87686.0
87685.0
87683.0
87682.0
87681.0
87679.0
87678.0
87676.0
87675.0
87673.0
87672.0
87670.0
87669.0
87668.0
87666.0
87665.0
87664.0
87663.0
87662.0
87661.0
87660.0
87659.0
87659.0
87658.0
87658.0
87658.0
87657.0
87657.0
87657.0
87657.0
87657.0
87656.0
87656.0
87657.0
87657.0
87657.0
87657.0
87657.0
87658.0
87658.0
87659.0
87659.0
87660.0
87660.0
87661.0
87661.0
87662.0
87662.0
87663.0
87663.0
87664.0
87664.0
87665.0
87665.0
87665.0
87666.0
87666.0
87666.0
87666.0
87666.0
87667.0
87667.0
87667.0
87668.0
87668.0
87669.0
87670.0
87671.0
87672.0
87673.0
87674.0
87675.0
87676.0
87677.0
87677.0
87678.0
87679.0
87679.0
87679.0
87679.0
87679.0
87679.0
87678.0
87678.0
87677.0
87676.0
87675.0
87674.0
87673.0
87672.0
87671.0
87670.0
87668.0
87667.0
87666.0
87665.0
87663.0
87662.0
87661.0
87660.0
87658.0
87657.0
87656.0
87655.0
87654.0
87653.0
87652.0
87651.0
87650.0
87649.0
87649.0
87648.0
87647.0
87646.0
87646.0
87645.0
87644.0
87643.0
87643.0
87642.0
87642.0
87642.0
87641.0
87641.0
87641.0
87640.0
87640.0
87640.0
87640.0
87640.0
87640.0
87640.0
87640.0
87640.0
87640.0
87640.0
87640.0
87641.0
87641.0
87641.0
87641.0
87641.0
87642.0
87642.0
87642.0
87643.0
87643.0
87644.0
87644.0
87644.0
87645.0
87645.0
87646.0
87646.0
87646.0
87646.0
87647.0
87647.0
87647.0
87646.0
87646.0
87646.0
87646.0
87646.0
87646.0
87645.0
87645.0
87644.0
87644.0
87643.0
87643.0
87642.0
87641.0
87640.0
87640.0
87639.0
87638.0
87637.0
87636.0
87636.0
87635.0
87635.0
87634.0
87633.0
87633.0
87632.0
87632.0
87631.0
87631.0
87631.0
87630.0
87630.0
87630.0
87630.0
87630.0
87629.0
87629.0
87630.0
87630.0
87630.0
87630.0
87631.0
87631.0
87632.0
87632.0
87633.0
87633.0
87634.0
87634.0
87635.0
87636.0
87637.0
87637.0
87638.0
87639.0
87640.0
87641.0
87642.0
87643.0
87643.0
87644.0
87645.0
87646.0
87647.0
87647.0
87648.0
87649.0
87650.0
87651.0
87651.0
87652.0
87653.0
87654.0
87654.0
87655.0
87655.0
87656.0
87656.0
87656.0
87656.0
87655.0
87655.0
87655.0
87654.0
87654.0
87653.0
87652.0
87651.0
87650.0
87649.0
87648.0
87647.0
87646.0
87645.0
87644.0
87643.0
87641.0
87640.0
87639.0
87638.0
87637.0
87636.0
87635.0
87634.0
87633.0
87632.0
87632.0
87631.0
87631.0
87630.0
87630.0
87630.0
87630.0
87630.0
87630.0
87630.0
87630.0
87630.0
87630.0
87631.0
87631.0
87631.0
87632.0
87633.0
87633.0
87634.0
87635.0
87636.0
87637.0
87638.0
87639.0
87639.0
87640.0
87641.0
87642.0
87643.0
87644.0
87645.0
87646.0
87646.0
87647.0
87648.0
87648.0
87649.0
87649.0
87650.0
87650.0
87651.0
87651.0
87651.0
87652.0
87652.0
87652.0
87653.0
87653.0
87654.0
87654.0
87654.0
87654.0
87655.0
87655.0
87654.0
87654.0
87654.0
87653.0
87652.0
87652.0
87651.0
87650.0
87649.0
87647.0
87646.0
87645.0
87643.0
87642.0
87640.0
87638.0
87637.0
87635.0
87633.0
87632.0
87630.0
87628.0
87627.0
87625.0
87624.0
87622.0
87621.0
87619.0
87618.0
87617.0
87616.0
87615.0
87614.0
87613.0
87612.0
87612.0
87611.0
87611.0
87611.0
87611.0
87611.0
87611.0
87611.0
87611.0
87612.0
87612.0
87613.0
87613.0
87614.0
87615.0
87615.0
87616.0
87617.0
87618.0
87618.0
87619.0
87620.0
87621.0
87622.0
87623.0
87623.0
87624.0
87625.0
87626.0
87627.0
87628.0
87628.0
87629.0
87630.0
87631.0
87631.0
87632.0
87633.0
87633.0
87634.0
87635.0
87635.0
87636.0
87637.0
87638.0
87638.0
87639.0
87640.0
87640.0
87641.0
87641.0
87641.0
87641.0
87641.0
87641.0
87641.0
87640.0
87640.0
87639.0
87639.0
87638.0
87637.0
87636.0
87635.0
87633.0
87632.0
87631.0
87629.0
87628.0
87626.0
87625.0
87623.0
87621.0
87620.0
87618.0
87617.0
87615.0
87614.0
87613.0
87611.0
87610.0
87609.0
87608.0
87607.0
87606.0
87605.0
87604.0
87603.0
87602.0
87601.0
87600.0
87600.0
87599.0
87599.0
87598.0
87598.0
87597.0
87597.0
87597.0
87597.0
87596.0
87596.0
87596.0
87596.0
87596.0
87597.0
87597.0
87597.0
87597.0
87598.0
87598.0
87598.0
87598.0
87598.0
87598.0
87598.0
87598.0
87598.0
87599.0
87599.0
87599.0
87600.0
87600.0
87601.0
87601.0
87602.0
87603.0
87603.0
87604.0
87605.0
87605.0
87606.0
87606.0
87607.0
87607.0
87607.0
87607.0
87607.0
87607.0
87607.0
87606.0
87606.0
87605.0
87604.0
87604.0
87603.0
87602.0
87600.0
87599.0
87598.0
87597.0
87596.0
87595.0
87594.0
87593.0
87592.0
87592.0
87591.0
87590.0
87590.0
87590.0
87589.0
87589.0
87589.0
87588.0
87588.0
87588.0
87588.0
87588.0
87588.0
87588.0
87588.0
87589.0
87589.0
87589.0
87590.0
87590.0
87591.0
87591.0
87592.0
87593.0
87593.0
87594.0
87595.0
87596.0
87597.0
87598.0
87599.0
87600.0
87601.0
87601.0
87602.0
87603.0
87604.0
87605.0
87605.0
87606.0
87607.0
87608.0
87609.0
87610.0
87611.0
87611.0
87612.0
87613.0
87614.0
87614.0
87615.0
87616.0
87617.0
87617.0
87618.0
87618.0
87619.0
87619.0
87619.0
87619.0
87618.0
87618.0
87618.0
87617.0
87616.0
87616.0
87615.0
87614.0
87613.0
87611.0
87610.0
87609.0
87607.0
87606.0
87605.0
87603.0
87602.0
87601.0
87599.0
87598.0
87597.0
87596.0
87595.0
87594.0
87593.0
87592.0
87591.0
87590.0
87589.0
87588.0
87588.0
87587.0
87586.0
87586.0
87585.0
87585.0
87585.0
87585.0
87584.0
87584.0
87585.0
87585.0
87585.0
87585.0
87586.0
87586.0
87587.0
87587.0
87588.0
87589.0
87589.0
87590.0
87591.0
87592.0
87592.0
87593.0
87594.0
87595.0
87596.0
87597.0
87598.0
87599.0
87601.0
87602.0
87603.0
87604.0
87606.0
87607.0
87608.0
87610.0
87611.0
87612.0
87614.0
87615.0
87617.0
87618.0
87620.0
87622.0
87623.0
87625.0
87626.0
87628.0
87629.0
87630.0
87632.0
87632.0
87633.0
87634.0
87634.0
87634.0
87635.0
87635.0
87635.0
87635.0
87635.0
87635.0
87634.0
87634.0
87633.0
87633.0
87632.0
87631.0
87631.0
87630.0
87629.0
87628.0
87627.0
87627.0
87626.0
87626.0
87625.0
87625.0
87624.0
87624.0
87624.0
87623.0
87623.0
87623.0
87623.0
87622.0
87622.0
87622.0
87622.0
87621.0
87621.0
87621.0
87621.0
87621.0
87621.0
87621.0
87621.0
87621.0
87621.0
87621.0
87622.0
87622.0
87622.0
87623.0
87623.0
87624.0
87624.0
87624.0
87625.0
87625.0
87626.0
87626.0
87627.0
87627.0
87627.0
87628.0
87628.0
87628.0
87629.0
87629.0
87629.0
87629.0
87629.0
87629.0
87629.0
87630.0
87630.0
87630.0
87630.0
87631.0
87631.0
87631.0
87631.0
87631.0
87631.0
87631.0
87630.0
87630.0
87629.0
87629.0
87628.0
87627.0
87626.0
87625.0
87624.0
87623.0
87621.0
87620.0
87619.0
87617.0
87616.0
87614.0
87613.0
87611.0
87610.0
87608.0
87607.0
87605.0
87604.0
87603.0
87601.0
87600.0
87599.0
87598.0
87597.0
87596.0
87596.0
87595.0
87595.0
87594.0
87594.0
87594.0
87594.0
87595.0
87595.0
87595.0
87596.0
87596.0
87596.0
87597.0
87597.0
87598.0
87598.0
87599.0
87599.0
87600.0
87600.0
87601.0
87601.0
87602.0
87602.0
87603.0
87603.0
87604.0
87605.0
87606.0
87606.0
87607.0
87608.0
87608.0
87609.0
87610.0
87611.0
87611.0
87612.0
87613.0
87614.0
87615.0
87616.0
87617.0
87618.0
87619.0
87620.0
87621.0
87622.0
87622.0
87623.0
87624.0
87624.0
87624.0
87624.0
87624.0
87624.0
87623.0
87623.0
87622.0
87621.0
87620.0
87619.0
87618.0
87617.0
87616.0
87615.0
87614.0
87613.0
87612.0
87612.0
87611.0
87610.0
87609.0
87608.0
87608.0
87607.0
87607.0
87606.0
87605.0
87605.0
87605.0
87604.0
87604.0
87604.0
87603.0
87603.0
87603.0
87603.0
87603.0
87603.0
87603.0
87604.0
87604.0
87605.0
87605.0
87606.0
87607.0
87608.0
87609.0
87610.0
87611.0
87612.0
87614.0
87615.0
87616.0
87618.0
87619.0
87620.0
87622.0
87623.0
87624.0
87625.0
87627.0
87628.0
87629.0
87630.0
87630.0
87631.0
87632.0
87632.0
87632.0
87633.0
87633.0
87634.0
87634.0
87635.0
87635.0
87636.0
87636.0
87637.0
87638.0
87638.0
87639.0
87640.0
87640.0
87641.0
87641.0
87641.0
87642.0
87642.0
87642.0
87641.0
87641.0
87640.0
87640.0
87639.0
87638.0
87637.0
87636.0
87635.0
87633.0
87632.0
87630.0
87629.0
87627.0
87625.0
87624.0
87622.0
87620.0
87618.0
87616.0
87614.0
87613.0
87611.0
87609.0
87607.0
87606.0
87604.0
87602.0
87601.0
87599.0
87598.0
87596.0
87595.0
87594.0
87593.0
87592.0
87591.0
87590.0
87590.0
87589.0
87588.0
87588.0
87588.0
87587.0
87587.0
87587.0
87587.0
87587.0
87587.0
87587.0
87587.0
87587.0
87587.0
87588.0
87588.0
87588.0
87588.0
87588.0
87589.0
87589.0
87589.0
87589.0
87590.0
87590.0
87590.0
87590.0
87591.0
87591.0
87591.0
87592.0
87592.0
87593.0
87593.0
87594.0
87594.0
87594.0
87595.0
87595.0
87595.0
87595.0
87594.0
87594.0
87594.0
87593.0
87593.0
87592.0
87591.0
87590.0
87589.0
87588.0
87587.0
87586.0
87584.0
87583.0
87581.0
87580.0
87578.0
87577.0
87576.0
87574.0
87573.0
87571.0
87570.0
87569.0
87567.0
87566.0
87565.0
87563.0
87562.0
87561.0
87559.0
87558.0
87557.0
87556.0
87555.0
87554.0
87553.0
87552.0
87552.0
87551.0
87551.0
87550.0
87550.0
87550.0
87549.0
87549.0
87549.0
87549.0
87549.0
87549.0
87550.0
87550.0
87550.0
87551.0
87551.0
87551.0
87552.0
87552.0
87552.0
87553.0
87554.0
87554.0
87555.0
87555.0
87555.0
87556.0
87556.0
87557.0
87557.0
87557.0
87557.0
87557.0
87557.0
87557.0
87557.0
87557.0
87556.0
87556.0
87555.0
87555.0
87554.0
87553.0
87552.0
87551.0
87550.0
87548.0
87547.0
87546.0
87544.0
87543.0
87541.0
87539.0
87538.0
87536.0
87535.0
87533.0
87532.0
87531.0
87529.0
87528.0
87527.0
87525.0
87524.0
87523.0
87522.0
87521.0
87520.0
87519.0
87519.0
87518.0
87518.0
87517.0
87517.0
87517.0
87517.0
87517.0
87517.0
87517.0
87517.0
87517.0
87518.0
87518.0
87519.0
87519.0
87520.0
87520.0
87521.0
87522.0
87522.0
87523.0
87524.0
87525.0
87525.0
87526.0
87527.0
87528.0
87528.0
87529.0
87530.0
87531.0
87531.0
87532.0
87533.0
87534.0
87534.0
87535.0
87536.0
87537.0
87538.0
87538.0
87539.0
87540.0
87540.0
87540.0
87540.0
87541.0
87541.0
87541.0
87540.0
87540.0
87540.0
87540.0
87540.0
87539.0
87539.0
87538.0
87537.0
87536.0
87535.0
87535.0
87534.0
87532.0
87531.0
87530.0
87529.0
87528.0
87527.0
87526.0
87524.0
87523.0
87522.0
87521.0
87520.0
87519.0
87519.0
87518.0
87517.0
87516.0
87516.0
87515.0
87514.0
87514.0
87513.0
87513.0
87513.0
87512.0
87512.0
87512.0
87512.0
87512.0
87512.0
87513.0
87513.0
87513.0
87514.0
87514.0
87515.0
87515.0
87516.0
87516.0
87517.0
87518.0
87519.0
87519.0
87520.0
87521.0
87522.0
87523.0
87524.0
87525.0
87526.0
87527.0
87528.0
87529.0
87530.0
87532.0
87533.0
87534.0
87535.0
87536.0
87537.0
87538.0
87539.0
87540.0
87541.0
87541.0
87542.0
87542.0
87542.0
87542.0
87542.0
87542.0
87542.0
87541.0
87541.0
87540.0
87540.0
87539.0
87538.0
87537.0
87536.0
87535.0
87534.0
87533.0
87532.0
87530.0
87529.0
87528.0
87527.0
87526.0
87525.0
87524.0
87523.0
87522.0
87522.0
87521.0
87520.0
87519.0
87518.0
87517.0
87516.0
87516.0
87515.0
87514.0
87514.0
87513.0
87513.0
87512.0
87512.0
87512.0
87512.0
87512.0
87512.0
87512.0
87512.0
87512.0
87512.0
87512.0
87513.0
87513.0
87513.0
87514.0
87514.0
87515.0
87515.0
87516.0
87516.0
87517.0
87517.0
87517.0
87518.0
87518.0
87518.0
87519.0
87519.0
87519.0
87520.0
87520.0
87520.0
87521.0
87521.0
87522.0
87522.0
87522.0
87523.0
87523.0
87523.0
87523.0
87523.0
87523.0
87522.0
87522.0
87521.0
87521.0
87520.0
87519.0
87518.0
87517.0
87516.0
87515.0
87514.0
87513.0
87512.0
87511.0
87510.0
87509.0
87508.0
87507.0
87506.0
87505.0
87504.0
87504.0
87503.0
87502.0
87502.0
87501.0
87501.0
87500.0
87500.0
87500.0
87500.0
87500.0
87500.0
87500.0
87500.0
87500.0
87501.0
87501.0
87502.0
87502.0
87503.0
87504.0
87505.0
87506.0
87507.0
87508.0
87510.0
87511.0
87513.0
87514.0
87516.0
87518.0
87519.0
87521.0
87522.0
87524.0
87525.0
87527.0
87528.0
87530.0
87531.0
87533.0
87534.0
87535.0
87536.0
87538.0
87539.0
87540.0
87541.0
87542.0
87543.0
87545.0
87546.0
87547.0
87548.0
87549.0
87550.0
87551.0
87551.0
87551.0
87551.0
87551.0
87551.0
87550.0
87549.0
87548.0
87547.0
87546.0
87545.0
87543.0
87542.0
87540.0
87538.0
87537.0
87535.0
87534.0
87532.0
87531.0
87530.0
87529.0
87528.0
87527.0
87526.0
87526.0
87525.0
87524.0
87523.0
87523.0
87522.0
87521.0
87521.0
87520.0
87520.0
87520.0
87520.0
87520.0
87520.0
87520.0
87520.0
87520.0
87520.0
87520.0
87520.0
87520.0
87521.0
87521.0
87521.0
87522.0
87522.0
87523.0
87524.0
87524.0
87525.0
87526.0
87527.0
87528.0
87529.0
87530.0
87531.0
87532.0
87533.0
87534.0
87535.0
87536.0
87537.0
87538.0
87539.0
87540.0
87541.0
87542.0
87542.0
87543.0
87544.0
87544.0
87545.0
87545.0
87545.0
87545.0
87545.0
87545.0
87545.0
87544.0
87544.0
87543.0
87542.0
87542.0
87541.0
87540.0
87539.0
87538.0
87538.0
87537.0
87536.0
87535.0
87534.0
87534.0
87533.0
87532.0
87531.0
87530.0
87529.0
87528.0
87528.0
87527.0
87526.0
87525.0
87525.0
87524.0
87524.0
87523.0
87522.0
87522.0
87521.0
87520.0
87519.0
87519.0
87518.0
87517.0
87517.0
87516.0
87516.0
87516.0
87516.0
87516.0
87516.0
87516.0
87516.0
87516.0
87516.0
87516.0
87516.0
87516.0
87517.0
87517.0
87517.0
87518.0
87518.0
87519.0
87520.0
87520.0
87521.0
87522.0
87523.0
87524.0
87525.0
87525.0
87526.0
87528.0
87529.0
87530.0
87531.0
87532.0
87533.0
87534.0
87535.0
87535.0
87536.0
87537.0
87537.0
87538.0
87538.0
87538.0
87538.0
87538.0
87538.0
87537.0
87537.0
87536.0
87535.0
87534.0
87533.0
87532.0
87531.0
87530.0
87529.0
87528.0
87527.0
87525.0
87524.0
87522.0
87521.0
87520.0
87518.0
87517.0
87515.0
87514.0
87513.0
87511.0
87510.0
87508.0
87507.0
87506.0
87505.0
87503.0
87502.0
87501.0
87500.0
87499.0
87498.0
87497.0
87496.0
87495.0
87494.0
87493.0
87493.0
87492.0
87492.0
87492.0
87492.0
87492.0
87491.0
87491.0
87491.0
87491.0
87491.0
87492.0
87492.0
87492.0
87492.0
87493.0
87493.0
87493.0
87494.0
87494.0
87494.0
87495.0
87495.0
87495.0
87495.0
87495.0
87496.0
87496.0
87496.0
87496.0
87496.0
87496.0
87496.0
87496.0
87495.0
87495.0
87495.0
87494.0
87493.0
87493.0
87492.0
87491.0
87490.0
87489.0
87488.0
87487.0
87486.0
87485.0
87483.0
87482.0
87481.0
87479.0
87478.0
87476.0
87475.0
87473.0
87472.0
87471.0
87469.0
87468.0
87467.0
87466.0
87465.0
87464.0
87463.0
87462.0
87460.0
87459.0
87458.0
87456.0
87455.0
87454.0
87452.0
87451.0
87450.0
87449.0
87447.0
87446.0
87446.0
87445.0
87444.0
87444.0
87444.0
87444.0
87444.0
87444.0
87444.0
87444.0
87445.0
87445.0
87446.0
87447.0
87448.0
87450.0
87451.0
87452.0
87453.0
87455.0
87456.0
87458.0
87459.0
87460.0
87461.0
87463.0
87464.0
87465.0
87466.0
87467.0
87468.0
87469.0
87470.0
87471.0
87471.0
87472.0
87473.0
87473.0
87474.0
87474.0
87474.0
87474.0
87474.0
87474.0
87473.0
87473.0
87472.0
87471.0
87471.0
87470.0
87468.0
87467.0
87466.0
87465.0
87463.0
87462.0
87460.0
87459.0
87457.0
87455.0
87454.0
87452.0
87451.0
87449.0
87447.0
87446.0
87444.0
87443.0
87442.0
87440.0
87439.0
87439.0
87438.0
87437.0
87437.0
87437.0
87437.0
87437.0
87436.0
87436.0
87436.0
87436.0
87436.0
87436.0
87436.0
87436.0
87436.0
87436.0
87436.0
87436.0
87436.0
87436.0
87437.0
87437.0
87437.0
87437.0
87437.0
87438.0
87438.0
87439.0
87439.0
87440.0
87441.0
87442.0
87443.0
87444.0
87446.0
87447.0
87448.0
87450.0
87451.0
87452.0
87453.0
87454.0
87455.0
87457.0
87458.0
87459.0
87460.0
87461.0
87462.0
87462.0
87463.0
87464.0
87465.0
87465.0
87466.0
87466.0
87466.0
87466.0
87466.0
87466.0
87465.0
87465.0
87464.0
87463.0
87463.0
87462.0
87461.0
87460.0
87459.0
87458.0
87456.0
87455.0
87454.0
87452.0
87451.0
87449.0
87448.0
87446.0
87445.0
87443.0
87442.0
87440.0
87439.0
87437.0
87436.0
87434.0
87433.0
87431.0
87430.0
87429.0
87427.0
87426.0
87425.0
87424.0
87423.0
87422.0
87421.0
87420.0
87419.0
87418.0
87417.0
87417.0
87416.0
87416.0
87415.0
87415.0
87415.0
87415.0
87415.0
87415.0
87415.0
87415.0
87415.0
87416.0
87416.0
87416.0
87417.0
87417.0
87417.0
87418.0
87418.0
87419.0
87419.0
87420.0
87421.0
87421.0
87422.0
87422.0
87423.0
87424.0
87424.0
87425.0
87425.0
87426.0
87427.0
87427.0
87428.0
87429.0
87429.0
87430.0
87431.0
87431.0
87432.0
87432.0
87433.0
87434.0
87434.0
87435.0
87435.0
87436.0
87436.0
87436.0
87437.0
87437.0
87436.0
87436.0
87435.0
87435.0
87434.0
87433.0
87432.0
87431.0
87430.0
87429.0
87428.0
87427.0
87426.0
87424.0
87423.0
87422.0
87420.0
87419.0
87417.0
87416.0
87415.0
87413.0
87412.0
87411.0
87410.0
87408.0
87407.0
87407.0
87406.0
87405.0
87404.0
87404.0
87403.0
87402.0
87401.0
87400.0
87400.0
87399.0
87398.0
87397.0
87397.0
87397.0
87396.0
87396.0
87396.0
87396.0
87396.0
87396.0
87396.0
87397.0
87397.0
87397.0
87398.0
87398.0
87399.0
87399.0
87400.0
87400.0
87401.0
87402.0
87402.0
87403.0
87404.0
87405.0
87406.0
87406.0
87407.0
87409.0
87410.0
87411.0
87412.0
87413.0
87413.0
87414.0
87415.0
87415.0
87416.0
87417.0
87417.0
87418.0
87418.0
87419.0
87419.0
87420.0
87421.0
87421.0
87422.0
87422.0
87422.0
87422.0
87422.0
87421.0
87421.0
87421.0
87420.0
87419.0
87419.0
87418.0
87417.0
87416.0
87415.0
87414.0
87413.0
87411.0
87410.0
87409.0
87408.0
87407.0
87406.0
87405.0
87403.0
87402.0
87402.0
87401.0
87400.0
87399.0
87399.0
87398.0
87397.0
87397.0
87397.0
87396.0
87396.0
87396.0
87396.0
87396.0
87396.0
87396.0
87396.0
87396.0
87396.0
87397.0
87397.0
87398.0
87399.0
87400.0
87401.0
87402.0
87403.0
87404.0
87405.0
87406.0
87407.0
87409.0
87410.0
87411.0
87412.0
87413.0
87414.0
87416.0
87417.0
87418.0
87418.0
87419.0
87420.0
87421.0
87422.0
87423.0
87424.0
87425.0
87425.0
87426.0
87427.0
87428.0
87429.0
87430.0
87430.0
87431.0
87431.0
87432.0
87432.0
87432.0
87432.0
87432.0
87431.0
87431.0
87431.0
87430.0
87429.0
87428.0
87427.0
87426.0
87425.0
87424.0
87423.0
87422.0
87420.0
87419.0
87418.0
87417.0
87416.0
87415.0
87414.0
87412.0
87411.0
87411.0
87410.0
87409.0
87408.0
87407.0
87406.0
87405.0
87404.0
87404.0
87403.0
87402.0
87401.0
87400.0
87399.0
87399.0
87398.0
87397.0
87397.0
87396.0
87396.0
87396.0
87396.0
87395.0
87396.0
87396.0
87396.0
87396.0
87396.0
87397.0
87397.0
87398.0
87398.0
87399.0
87400.0
87401.0
87402.0
87403.0
87404.0
87406.0
87407.0
87408.0
87410.0
87411.0
87412.0
87413.0
87414.0
87415.0
87416.0
87417.0
87418.0
87419.0
87420.0
87421.0
87421.0
87422.0
87422.0
87423.0
87423.0
87423.0
87423.0
87422.0
87422.0
87421.0
87421.0
87420.0
87420.0
87419.0
87418.0
87417.0
87416.0
87415.0
87414.0
87413.0
87412.0
87410.0
87409.0
87408.0
87407.0
87406.0
87404.0
87403.0
87402.0
87401.0
87400.0
87398.0
87397.0
87396.0
87395.0
87394.0
87393.0
87391.0
87390.0
87390.0
87389.0
87388.0
87387.0
87386.0
87385.0
87384.0
87383.0
87382.0
87381.0
87380.0
87379.0
87378.0
87376.0
87375.0
87374.0
87373.0
87372.0
87372.0
87371.0
87371.0
87370.0
87370.0
87370.0
87370.0
87370.0
87370.0
87371.0
87371.0
87371.0
87372.0
87372.0
87373.0
87373.0
87374.0
87374.0
87375.0
87375.0
87376.0
87376.0
87377.0
87377.0
87378.0
87379.0
87379.0
87380.0
87380.0
87381.0
87381.0
87381.0
87381.0
87381.0
87381.0
87381.0
87381.0
87381.0
87381.0
87380.0
87380.0
87380.0
87379.0
87379.0
87378.0
87378.0
87377.0
87376.0
87375.0
87374.0
87373.0
87373.0
87372.0
87371.0
87370.0
87369.0
87368.0
87366.0
87365.0
87364.0
87363.0
87362.0
87361.0
87360.0
87359.0
87358.0
87357.0
87356.0
87355.0
87354.0
87353.0
87353.0
87352.0
87352.0
87351.0
87351.0
87351.0
87351.0
87351.0
87352.0
87352.0
87352.0
87353.0
87353.0
87354.0
87354.0
87354.0
87355.0
87355.0
87356.0
87356.0
87357.0
87357.0
87357.0
87358.0
87358.0
87359.0
87359.0
87359.0
87360.0
87360.0
87360.0
87360.0
87361.0
87361.0
87361.0
87361.0
87362.0
87362.0
87362.0
87362.0
87363.0
87363.0
87363.0
87363.0
87362.0
87362.0
87362.0
87361.0
87360.0
87360.0
87358.0
87357.0
87356.0
87355.0
87353.0
87352.0
87351.0
87349.0
87348.0
87347.0
87346.0
87345.0
87344.0
87342.0
87341.0
87340.0
87338.0
87337.0
87335.0
87334.0
87332.0
87330.0
87328.0
87326.0
87324.0
87322.0
87320.0
87318.0
87316.0
87314.0
87312.0
87310.0
87309.0
87308.0
87307.0
87306.0
87305.0
87304.0
87304.0
87304.0
87304.0
87304.0
87304.0
87304.0
87304.0
87304.0
87304.0
87304.0
87305.0
87305.0
87305.0
87306.0
87306.0
87307.0
87307.0
87308.0
87308.0
87309.0
87309.0
87310.0
87311.0
87312.0
87313.0
87314.0
87315.0
87316.0
87317.0
87317.0
87318.0
87318.0
87319.0
87319.0
87319.0
87319.0
87319.0
87319.0
87319.0
87319.0
87318.0
87318.0
87317.0
87317.0
87316.0
87315.0
87314.0
87313.0
87312.0
87311.0
87311.0
87310.0
87310.0
87309.0
87309.0
87309.0
87308.0
87308.0
87308.0
87307.0
87307.0
87306.0
87306.0
87306.0
87306.0
87306.0
87306.0
87306.0
87306.0
87307.0
87307.0
87308.0
87309.0
87310.0
87311.0
87312.0
87313.0
87314.0
87315.0
87316.0
87317.0
87319.0
87320.0
87322.0
87324.0
87325.0
87327.0
87329.0
87331.0
87333.0
87335.0
87337.0
87339.0
87341.0
87344.0
87346.0
87348.0
87350.0
87352.0
87354.0
87355.0
87357.0
87359.0
87360.0
87362.0
87363.0
87365.0
87367.0
87368.0
87369.0
87371.0
87372.0
87373.0
87374.0
87374.0
87375.0
87376.0
87377.0
87378.0
87378.0
87379.0
87380.0
87381.0
87381.0
87382.0
87382.0
87383.0
87383.0
87384.0
87384.0
87385.0
87385.0
87386.0
87387.0
87387.0
87388.0
87388.0
87389.0
87389.0
87390.0
87390.0
87391.0
87391.0
87391.0
87392.0
87392.0
87393.0
87393.0
87394.0
87394.0
87395.0
87395.0
87396.0
87397.0
87397.0
87398.0
87400.0
87401.0
87402.0
87404.0
87406.0
87407.0
87409.0
87411.0
87413.0
87415.0
87416.0
87418.0
87420.0
87422.0
87424.0
87425.0
87427.0
87429.0
87431.0
87433.0
87435.0
87436.0
87438.0
87440.0
87442.0
87444.0
87446.0
87448.0
87450.0
87452.0
87454.0
87456.0
87457.0
87459.0
87461.0
87462.0
87464.0
87465.0
87466.0
87467.0
87468.0
87469.0
87470.0
87471.0
87471.0
87472.0
87472.0
87472.0
87472.0
87472.0
87472.0
87471.0
87471.0
87470.0
87469.0
87468.0
87466.0
87465.0
87463.0
87462.0
87460.0
87459.0
87457.0
87455.0
87454.0
87452.0
87450.0
87449.0
87447.0
87446.0
87444.0
87443.0
87442.0
87440.0
87439.0
87438.0
87437.0
87436.0
87435.0
87434.0
87434.0
87433.0
87433.0
87432.0
87432.0
87432.0
87432.0
87432.0
87432.0
87432.0
87432.0
87433.0
87433.0
87434.0
87434.0
87435.0
87436.0
87437.0
87438.0
87440.0
87441.0
87443.0
87444.0
87446.0
87447.0
87449.0
87451.0
87453.0
87455.0
87457.0
87459.0
87461.0
87463.0
87465.0
87467.0
87468.0
87470.0
87472.0
87473.0
87475.0
87476.0
87477.0
87478.0
87479.0
87480.0
87480.0
87481.0
87482.0
87482.0
87482.0
87482.0
87482.0
87482.0
87482.0
87482.0
87482.0
87482.0
87481.0
87481.0
87481.0
87480.0
87480.0
87480.0
87480.0
87480.0
87480.0
87480.0
87480.0
87480.0
87480.0
87480.0
87480.0
87480.0
87481.0
87481.0
87481.0
87481.0
87482.0
87482.0
87483.0
87484.0
87485.0
87485.0
87486.0
87487.0
87488.0
87489.0
87491.0
87492.0
87493.0
87494.0
87495.0
87496.0
87497.0
87499.0
87500.0
87502.0
87503.0
87505.0
87506.0
87508.0
87509.0
87511.0
87512.0
87514.0
87515.0
87517.0
87519.0
87520.0
87522.0
87523.0
87525.0
87526.0
87528.0
87529.0
87530.0
87531.0
87532.0
87533.0
87533.0
87534.0
87534.0
87534.0
87534.0
87534.0
87534.0
87534.0
87534.0
87533.0
87533.0
87532.0
87531.0
87530.0
87529.0
87528.0
87527.0
87525.0
87524.0
87523.0
87522.0
87520.0
87519.0
87518.0
87516.0
87515.0
87514.0
87514.0
87513.0
87513.0
87512.0
87512.0
87511.0
87511.0
87511.0
87511.0
87511.0
87511.0
87511.0
87511.0
87512.0
87513.0
87513.0
87514.0
87515.0
87516.0
87518.0
87519.0
87520.0
87521.0
87523.0
87524.0
87526.0
87528.0
87529.0
87531.0
87533.0
87535.0
87536.0
87538.0
87540.0
87541.0
87543.0
87545.0
87546.0
87547.0
87549.0
87550.0
87552.0
87553.0
87554.0
87555.0
87557.0
87558.0
87559.0
87560.0
87561.0
87562.0
87563.0
87564.0
87564.0
87565.0
87565.0
87566.0
87566.0
87566.0
87565.0
87565.0
87564.0
87564.0
87563.0
87562.0
87561.0
87559.0
87558.0
87557.0
87555.0
87553.0
87552.0
87550.0
87548.0
87546.0
87544.0
87542.0
87540.0
87538.0
87536.0
87534.0
87532.0
87531.0
87529.0
87528.0
87526.0
87525.0
87524.0
87523.0
87522.0
87521.0
87521.0
87520.0
87519.0
87519.0
87519.0
87519.0
87519.0
87519.0
87519.0
87519.0
87519.0
87520.0
87520.0
87521.0
87521.0
87522.0
87523.0
87524.0
87525.0
87526.0
87527.0
87528.0
87529.0
87530.0
87531.0
87533.0
87534.0
87535.0
87537.0
87538.0
87539.0
87541.0
87542.0
87543.0
87545.0
87546.0
87547.0
87548.0
87550.0
87551.0
87553.0
87554.0
87556.0
87557.0
87559.0
87561.0
87562.0
87564.0
87566.0
87567.0
87569.0
87570.0
87572.0
87573.0
87575.0
87576.0
87577.0
87578.0
87578.0
87579.0
87579.0
87579.0
87579.0
87579.0
87579.0
87578.0
87578.0
87577.0
87577.0
87576.0
87575.0
87573.0
87572.0
87571.0
87570.0
87568.0
87567.0
87566.0
87565.0
87564.0
87562.0
87561.0
87561.0
87560.0
87559.0
87558.0
87558.0
87557.0
87556.0
87556.0
87556.0
87555.0
87555.0
87555.0
87555.0
87555.0
87554.0
87554.0
87554.0
87554.0
87555.0
87555.0
87556.0
87556.0
87557.0
87558.0
87559.0
87559.0
87560.0
87562.0
87563.0
87564.0
87565.0
87566.0
87568.0
87569.0
87571.0
87572.0
87574.0
87575.0
87577.0
87578.0
87580.0
87582.0
87583.0
87585.0
87586.0
87588.0
87589.0
87591.0
87592.0
87594.0
87595.0
87596.0
87598.0
87599.0
87600.0
87601.0
87602.0
87603.0
87605.0
87605.0
87606.0
87607.0
87608.0
87608.0
87608.0
87608.0
87608.0
87608.0
87608.0
87607.0
87607.0
87606.0
87605.0
87604.0
87603.0
87602.0
87601.0
87600.0
87599.0
87597.0
87596.0
87595.0
87593.0
87592.0
87590.0
87589.0
87588.0
87587.0
87585.0
87584.0
87583.0
87582.0
87582.0
87581.0
87580.0
87580.0
87579.0
87579.0
87579.0
87579.0
87579.0
87579.0
87579.0
87579.0
87579.0
87579.0
87580.0
87580.0
87581.0
87582.0
87582.0
87583.0
87584.0
87585.0
87586.0
87587.0
87588.0
87589.0
87591.0
87592.0
87593.0
87594.0
87596.0
87597.0
87598.0
87599.0
87601.0
87602.0
87603.0
87605.0
87606.0
87607.0
87609.0
87610.0
87611.0
87612.0
87614.0
87615.0
87616.0
87618.0
87619.0
87620.0
87621.0
87623.0
87624.0
87625.0
87626.0
87626.0
87627.0
87628.0
87628.0
87628.0
87628.0
87629.0
87629.0
87629.0
87629.0
87628.0
87628.0
87628.0
87627.0
87627.0
87626.0
87625.0
87624.0
87624.0
87623.0
87622.0
87621.0
87620.0
87619.0
87618.0
87617.0
87616.0
87615.0
87614.0
87614.0
87613.0
87612.0
87611.0
87610.0
87610.0
87609.0
87608.0
87608.0
87607.0
87607.0
87607.0
87607.0
87607.0
87607.0
87607.0
87607.0
87607.0
87607.0
87608.0
87608.0
87609.0
87610.0
87611.0
87612.0
87613.0
87614.0
87615.0
87617.0
87618.0
87619.0
87620.0
87622.0
87623.0
87625.0
87626.0
87627.0
87628.0
87630.0
87631.0
87632.0
87633.0
87635.0
87636.0
87637.0
87638.0
87640.0
87641.0
87642.0
87643.0
87644.0
87645.0
87647.0
87648.0
87649.0
87650.0
87650.0
87651.0
87652.0
87652.0
87652.0
87652.0
87652.0
87652.0
87652.0
87652.0
87652.0
87651.0
87651.0
87651.0
87650.0
87649.0
87649.0
87648.0
87647.0
87646.0
87646.0
87645.0
87644.0
87643.0
87642.0
87641.0
87641.0
87640.0
87639.0
87639.0
87638.0
87638.0
87637.0
87637.0
87636.0
87636.0
87635.0
87635.0
87635.0
87634.0
87634.0
87634.0
87634.0
87634.0
87634.0
87635.0
87635.0
87635.0
87636.0
87637.0
87637.0
87638.0
87639.0
87640.0
87641.0
87642.0
87643.0
87644.0
87645.0
87646.0
87647.0
87648.0
87650.0
87651.0
87652.0
87653.0
87654.0
87655.0
87656.0
87657.0
87658.0
87659.0
87660.0
87660.0
87661.0
87662.0
87663.0
87664.0
87665.0
87666.0
87667.0
87668.0
87669.0
87669.0
87670.0
87671.0
87672.0
87673.0
87674.0
87675.0
87675.0
87675.0
87676.0
87676.0
87675.0
87675.0
87675.0
87674.0
87673.0
87673.0
87672.0
87671.0
87670.0
87668.0
87667.0
87666.0
87664.0
87663.0
87661.0
87660.0
87659.0
87657.0
87656.0
87655.0
87653.0
87652.0
87651.0
87650.0
87649.0
87648.0
87648.0
87647.0
