85788.0
85786.0
85783.0
85780.0
85777.0
85774.0
85770.0
85767.0
85763.0
85760.0
85756.0
85752.0
85748.0
85744.0
85740.0
85736.0
85731.0
85727.0
85723.0
85718.0
85714.0
85709.0
85705.0
85700.0
85696.0
85691.0
85686.0
85682.0
85677.0
85673.0
85668.0
85664.0
85660.0
85656.0
85652.0
85648.0
85644.0
85641.0
85637.0
85634.0
85630.0
85627.0
85624.0
85621.0
85619.0
85616.0
85613.0
85611.0
85608.0
85606.0
85604.0
85602.0
85600.0
85598.0
85596.0
85594.0
85592.0
85591.0
85589.0
85588.0
85586.0
85585.0
85584.0
85583.0
85582.0
85581.0
85580.0
85579.0
85579.0
85578.0
85578.0
85578.0
85578.0
85578.0
85578.0
85578.0
85578.0
85579.0
85579.0
85579.0
85579.0
85579.0
85579.0
85579.0
85579.0
85579.0
85579.0
85579.0
85579.0
85578.0
85578.0
85578.0
85577.0
85577.0
85576.0
85576.0
85575.0
85574.0
85573.0
85572.0
85571.0
85570.0
85569.0
85568.0
85567.0
85566.0
85565.0
85564.0
85563.0
85563.0
85562.0
85561.0
85560.0
85559.0
85558.0
85558.0
85557.0
85557.0
85556.0
85556.0
85556.0
85555.0
85555.0
85555.0
85555.0
85555.0
85555.0
85555.0
85555.0
85555.0
85555.0
85555.0
85555.0
85555.0
85555.0
85555.0
85555.0
85555.0
85555.0
85555.0
85556.0
85556.0
85556.0
85556.0
85556.0
85556.0
85556.0
85556.0
85555.0
85555.0
85555.0
85555.0
85555.0
85555.0
85555.0
85556.0
85556.0
85556.0
85556.0
85556.0
85557.0
85557.0
85557.0
85557.0
85557.0
85558.0
85558.0
85558.0
85558.0
85558.0
85558.0
85558.0
85558.0
85558.0
85558.0
85558.0
85558.0
85558.0
85558.0
85558.0
85558.0
85558.0
85558.0
85558.0
85558.0
85558.0
85558.0
85558.0
85558.0
85558.0
85559.0
85559.0
85559.0
85559.0
85560.0
85560.0
85560.0
85561.0
85561.0
85561.0
85562.0
85562.0
85563.0
85564.0
85565.0
85566.0
85567.0
85567.0
85568.0
85569.0
85570.0
85571.0
85572.0
85573.0
85574.0
85575.0
85576.0
85577.0
85578.0
85579.0
85580.0
85581.0
85582.0
85584.0
85585.0
85586.0
85587.0
85588.0
85589.0
85590.0
85591.0
85592.0
85593.0
85594.0
85595.0
85596.0
85597.0
85597.0
85597.0
85598.0
85598.0
85598.0
85597.0
85597.0
85596.0
85595.0
85594.0
85592.0
85590.0
85588.0
85586.0
85584.0
85581.0
85579.0
85576.0
85573.0
85569.0
85566.0
85563.0
85559.0
85555.0
85551.0
85548.0
85544.0
85540.0
85536.0
85532.0
85529.0
85525.0
85522.0
85518.0
85515.0
85512.0
85509.0
85506.0
85504.0
85501.0
85499.0
85497.0
85495.0
85493.0
85492.0
85491.0
85490.0
85489.0
85489.0
85489.0
85489.0
85490.0
85490.0
85490.0
85491.0
85491.0
85492.0
85492.0
85493.0
85493.0
85494.0
85495.0
85495.0
85496.0
85496.0
85497.0
85497.0
85498.0
85498.0
85498.0
85498.0
85498.0
85498.0
85498.0
85497.0
85497.0
85496.0
85496.0
85495.0
85494.0
85494.0
85493.0
85492.0
85491.0
85490.0
85489.0
85488.0
85486.0
85485.0
85483.0
85482.0
85481.0
85479.0
85478.0
85476.0
85475.0
85473.0
85472.0
85471.0
85470.0
85468.0
85467.0
85466.0
85465.0
85464.0
85463.0
85462.0
85461.0
85460.0
85459.0
85458.0
85457.0
85456.0
85455.0
85455.0
85454.0
85453.0
85453.0
85452.0
85452.0
85451.0
85451.0
85450.0
85449.0
85449.0
85448.0
85448.0
85448.0
85447.0
85447.0
85447.0
85447.0
85446.0
85446.0
85446.0
85446.0
85446.0
85446.0
85445.0
85445.0
85445.0
85445.0
85445.0
85445.0
85445.0
85445.0
85445.0
85445.0
85445.0
85445.0
85445.0
85446.0
85446.0
85446.0
85446.0
85446.0
85447.0
85447.0
85447.0
85448.0
85448.0
85449.0
85450.0
85451.0
85452.0
85454.0
85455.0
85457.0
85459.0
85461.0
85463.0
85465.0
85467.0
85469.0
85471.0
85472.0
85474.0
85475.0
85476.0
85478.0
85479.0
85480.0
85480.0
85481.0
85482.0
85482.0
85482.0
85483.0
85483.0
85483.0
85483.0
85483.0
85483.0
85483.0
85483.0
85483.0
85482.0
85482.0
85481.0
85481.0
85480.0
85479.0
85478.0
85477.0
85476.0
85474.0
85473.0
85471.0
85470.0
85468.0
85466.0
85464.0
85462.0
85460.0
85458.0
85456.0
85454.0
85452.0
85450.0
85448.0
85446.0
85444.0
85442.0
85440.0
85438.0
85436.0
85435.0
85433.0
85433.0
85432.0
85432.0
85432.0
85433.0
85433.0
85434.0
85434.0
85435.0
85436.0
85437.0
85437.0
85438.0
85439.0
85440.0
85441.0
85441.0
85442.0
85443.0
85443.0
85444.0
85444.0
85445.0
85445.0
85445.0
85446.0
85446.0
85447.0
85448.0
85448.0
85449.0
85450.0
85450.0
85450.0
85451.0
85451.0
85451.0
85451.0
85451.0
85451.0
85451.0
85451.0
85450.0
85450.0
85449.0
85448.0
85448.0
85447.0
85446.0
85445.0
85444.0
85443.0
85442.0
85440.0
85439.0
85438.0
85436.0
85435.0
85433.0
85432.0
85431.0
85429.0
85428.0
85426.0
85425.0
85423.0
85422.0
85421.0
85419.0
85418.0
85416.0
85415.0
85414.0
85413.0
85412.0
85411.0
85410.0
85409.0
85408.0
85407.0
85407.0
85406.0
85405.0
85405.0
85404.0
85404.0
85404.0
85404.0
85404.0
85404.0
85404.0
85404.0
85404.0
85404.0
85405.0
85405.0
85406.0
85406.0
85407.0
85408.0
85409.0
85410.0
85411.0
85412.0
85413.0
85414.0
85415.0
85416.0
85417.0
85418.0
85419.0
85420.0
85421.0
85422.0
85423.0
85424.0
85424.0
85425.0
85426.0
85427.0
85427.0
85428.0
85429.0
85429.0
85430.0
85431.0
85432.0
85432.0
85433.0
85433.0
85433.0
85434.0
85434.0
85434.0
85434.0
85435.0
85435.0
85435.0
85435.0
85435.0
85434.0
85434.0
85434.0
85433.0
85433.0
85433.0
85432.0
85432.0
85432.0
85431.0
85431.0
85431.0
85431.0
85430.0
85430.0
85430.0
85430.0
85429.0
85429.0
85429.0
85428.0
85428.0
85428.0
85427.0
85427.0
85426.0
85426.0
85426.0
85426.0
85425.0
85425.0
85425.0
85425.0
85425.0
85425.0
85425.0
85425.0
85425.0
85424.0
85424.0
85424.0
85423.0
85423.0
85423.0
85422.0
85422.0
85422.0
85421.0
85421.0
85420.0
85420.0
85419.0
85418.0
85417.0
85417.0
85416.0
85415.0
85415.0
85414.0
85413.0
85412.0
85412.0
85411.0
85410.0
85409.0
85408.0
85407.0
85406.0
85406.0
85405.0
85404.0
85404.0
85403.0
85403.0
85403.0
85402.0
85402.0
85402.0
85402.0
85402.0
85402.0
85402.0
85402.0
85402.0
85402.0
85402.0
85402.0
85402.0
85402.0
85402.0
85402.0
85403.0
85403.0
85403.0
85404.0
85404.0
85405.0
85405.0
85406.0
85407.0
85407.0
85408.0
85409.0
85410.0
85411.0
85412.0
85412.0
85413.0
85414.0
85415.0
85416.0
85417.0
85418.0
85419.0
85419.0
85420.0
85421.0
85421.0
85422.0
85423.0
85423.0
85424.0
85425.0
85425.0
85426.0
85426.0
85427.0
85427.0
85427.0
85427.0
85427.0
85427.0
85427.0
85426.0
85426.0
85425.0
85424.0
85423.0
85422.0
85421.0
85420.0
85419.0
85417.0
85416.0
85415.0
85414.0
85412.0
85411.0
85410.0
85408.0
85407.0
85405.0
85404.0
85402.0
85401.0
85399.0
85398.0
85396.0
85394.0
85393.0
85391.0
85389.0
85387.0
85385.0
85384.0
85382.0
85381.0
85379.0
85378.0
85376.0
85375.0
85373.0
85372.0
85370.0
85369.0
85368.0
85367.0
85365.0
85364.0
85363.0
85362.0
85361.0
85360.0
85359.0
85358.0
85358.0
85357.0
85356.0
85355.0
85354.0
85353.0
85352.0
85351.0
85350.0
85349.0
85348.0
85347.0
85346.0
85345.0
85343.0
85342.0
85340.0
85338.0
85336.0
85334.0
85333.0
85331.0
85329.0
85327.0
85325.0
85323.0
85321.0
85319.0
85317.0
85315.0
85313.0
85311.0
85309.0
85308.0
85306.0
85304.0
85303.0
85301.0
85300.0
85298.0
85297.0
85295.0
85294.0
85293.0
85292.0
85290.0
85289.0
85288.0
85287.0
85286.0
85285.0
85284.0
85283.0
85282.0
85281.0
85280.0
85280.0
85279.0
85279.0
85278.0
85278.0
85278.0
85278.0
85278.0
85278.0
85278.0
85278.0
85278.0
85279.0
85279.0
85280.0
85281.0
85281.0
85282.0
85284.0
85285.0
85286.0
85288.0
85289.0
85290.0
85291.0
85293.0
85294.0
85295.0
85296.0
85297.0
85298.0
85299.0
85301.0
85301.0
85302.0
85303.0
85304.0
85304.0
85305.0
85305.0
85306.0
85306.0
85306.0
85307.0
85307.0
85307.0
85307.0
85307.0
85307.0
85307.0
85307.0
85307.0
85307.0
85307.0
85307.0
85307.0
85307.0
85307.0
85307.0
85306.0
85306.0
85306.0
85306.0
85306.0
85306.0
85306.0
85306.0
85306.0
85306.0
85307.0
85307.0
85307.0
85307.0
85307.0
85308.0
85308.0
85309.0
85309.0
85310.0
85310.0
85311.0
85312.0
85312.0
85313.0
85313.0
85314.0
85315.0
85316.0
85317.0
85317.0
85318.0
85319.0
85320.0
85321.0
85321.0
85322.0
85323.0
85324.0
85325.0
85326.0
85327.0
85328.0
85330.0
85331.0
85332.0
85333.0
85334.0
85335.0
85336.0
85337.0
85338.0
85338.0
85339.0
85339.0
85340.0
85340.0
85340.0
85340.0
85339.0
85339.0
85338.0
85337.0
85336.0
85335.0
85334.0
85332.0
85331.0
85329.0
85327.0
85325.0
85324.0
85322.0
85320.0
85317.0
85315.0
85313.0
85311.0
85309.0
85307.0
85305.0
85303.0
85301.0
85298.0
85296.0
85294.0
85292.0
85290.0
85288.0
85287.0
85285.0
85283.0
85281.0
85280.0
85278.0
85277.0
85276.0
85275.0
85274.0
85273.0
85272.0
85272.0
85271.0
85271.0
85271.0
85270.0
85270.0
85270.0
85271.0
85271.0
85271.0
85271.0
85271.0
85272.0
85272.0
85273.0
85273.0
85274.0
85274.0
85275.0
85276.0
85276.0
85277.0
85277.0
85278.0
85279.0
85280.0
85280.0
85281.0
85282.0
85282.0
85283.0
85283.0
85284.0
85284.0
85284.0
85285.0
85285.0
85285.0
85285.0
85285.0
85286.0
85286.0
85285.0
85285.0
85285.0
85285.0
85285.0
85284.0
85284.0
85284.0
85283.0
85283.0
85283.0
85282.0
85282.0
85281.0
85281.0
85280.0
85280.0
85280.0
85280.0
85279.0
85279.0
85279.0
85278.0
85278.0
85278.0
85278.0
85277.0
85277.0
85276.0
85276.0
85275.0
85275.0
85275.0
85275.0
85275.0
85275.0
85275.0
85275.0
85275.0
85275.0
85275.0
85276.0
85276.0
85276.0
85277.0
85277.0
85277.0
85278.0
85278.0
85279.0
85279.0
85279.0
85280.0
85280.0
85281.0
85281.0
85282.0
85282.0
85283.0
85283.0
85284.0
85285.0
85286.0
85287.0
85288.0
85289.0
85290.0
85291.0
85292.0
85293.0
85294.0
85295.0
85296.0
85297.0
85298.0
85300.0
85301.0
85303.0
85304.0
85306.0
85308.0
85310.0
85311.0
85313.0
85314.0
85316.0
85317.0
85318.0
85320.0
85321.0
85322.0
85323.0
85324.0
85325.0
85326.0
85327.0
85328.0
85329.0
85330.0
85331.0
85332.0
85333.0
85335.0
85336.0
85337.0
85338.0
85339.0
85340.0
85341.0
85341.0
85342.0
85342.0
85343.0
85343.0
85343.0
85343.0
85343.0
85343.0
85343.0
85343.0
85343.0
85343.0
85343.0
85343.0
85342.0
85342.0
85341.0
85341.0
85340.0
85340.0
85340.0
85340.0
85339.0
85339.0
85339.0
85339.0
85339.0
85339.0
85339.0
85339.0
85338.0
85338.0
85338.0
85338.0
85338.0
85337.0
85337.0
85337.0
85337.0
85337.0
85337.0
85337.0
85337.0
85337.0
85337.0
85337.0
85338.0
85338.0
85338.0
85338.0
85338.0
85338.0
85337.0
85337.0
85337.0
85337.0
85337.0
85337.0
85338.0
85338.0
85338.0
85338.0
85337.0
85337.0
85337.0
85337.0
85337.0
85337.0
85336.0
85336.0
85336.0
85336.0
85335.0
85335.0
85335.0
85334.0
85333.0
85333.0
85332.0
85332.0
85331.0
85331.0
85331.0
85331.0
85330.0
85330.0
85330.0
85330.0
85330.0
85330.0
85330.0
85331.0
85331.0
85332.0
85333.0
85333.0
85334.0
85334.0
85335.0
85336.0
85336.0
85337.0
85337.0
85338.0
85339.0
85340.0
85341.0
85342.0
85343.0
85344.0
85344.0
85345.0
85346.0
85346.0
85347.0
85347.0
85348.0
85348.0
85348.0
85348.0
85349.0
85349.0
85349.0
85349.0
85349.0
85349.0
85349.0
85349.0
85349.0
85349.0
85348.0
85348.0
85348.0
85347.0
85347.0
85347.0
85346.0
85346.0
85345.0
85345.0
85344.0
85343.0
85343.0
85342.0
85342.0
85341.0
85341.0
85340.0
85340.0
85339.0
85338.0
85337.0
85336.0
85335.0
85334.0
85334.0
85333.0
85332.0
85331.0
85330.0
85329.0
85327.0
85326.0
85325.0
85323.0
85322.0
85320.0
85319.0
85318.0
85316.0
85315.0
85313.0
85312.0
85310.0
85309.0
85307.0
85306.0
85305.0
85303.0
85302.0
85301.0
85300.0
85299.0
85298.0
85297.0
85296.0
85295.0
85294.0
85293.0
85293.0
85292.0
85291.0
85290.0
85290.0
85290.0
85289.0
85289.0
85288.0
85288.0
85287.0
85287.0
85287.0
85287.0
85286.0
85286.0
85286.0
85286.0
85286.0
85286.0
85287.0
85287.0
85287.0
85288.0
85288.0
85288.0
85289.0
85289.0
85289.0
85290.0
85290.0
85290.0
85291.0
85291.0
85291.0
85291.0
85292.0
85292.0
85292.0
85292.0
85293.0
85293.0
85294.0
85294.0
85295.0
85295.0
85296.0
85296.0
85296.0
85297.0
85297.0
85297.0
85298.0
85298.0
85297.0
85297.0
85297.0
85296.0
85296.0
85295.0
85295.0
85294.0
85293.0
85292.0
85291.0
85289.0
85288.0
85287.0
85286.0
85284.0
85283.0
85281.0
85280.0
85278.0
85276.0
85274.0
85273.0
85271.0
85269.0
85267.0
85266.0
85264.0
85262.0
85261.0
85259.0
85257.0
85255.0
85254.0
85252.0
85251.0
85250.0
85248.0
85247.0
85246.0
85245.0
85244.0
85243.0
85242.0
85241.0
85240.0
85239.0
85238.0
85238.0
85237.0
85236.0
85235.0
85235.0
85234.0
85234.0
85233.0
85233.0
85233.0
85233.0
85232.0
85232.0
85232.0
85233.0
85233.0
85233.0
85234.0
85234.0
85235.0
85235.0
85236.0
85236.0
85237.0
85237.0
85238.0
85238.0
85239.0
85240.0
85240.0
85241.0
85241.0
85242.0
85242.0
85243.0
85243.0
85244.0
85244.0
85244.0
85244.0
85245.0
85245.0
85245.0
85245.0
85245.0
85245.0
85245.0
85245.0
85244.0
85244.0
85243.0
85243.0
85242.0
85241.0
85240.0
85239.0
85238.0
85237.0
85236.0
85235.0
85233.0
85232.0
85230.0
85229.0
85227.0
85225.0
85224.0
85222.0
85220.0
85219.0
85217.0
85216.0
85214.0
85213.0
85212.0
85211.0
85210.0
85209.0
85208.0
85207.0
85206.0
85205.0
85204.0
85204.0
85203.0
85202.0
85202.0
85201.0
85201.0
85200.0
85200.0
85200.0
85200.0
85200.0
85200.0
85201.0
85201.0
85201.0
85202.0
85202.0
85202.0
85203.0
85204.0
85204.0
85205.0
85206.0
85206.0
85207.0
85208.0
85209.0
85210.0
85211.0
85211.0
85212.0
85213.0
85214.0
85215.0
85216.0
85217.0
85217.0
85218.0
85219.0
85219.0
85219.0
85220.0
85220.0
85220.0
85221.0
85221.0
85221.0
85221.0
85221.0
85221.0
85220.0
85220.0
85219.0
85219.0
85218.0
85217.0
85215.0
85214.0
85212.0
85211.0
85209.0
85207.0
85205.0
85203.0
85201.0
85199.0
85197.0
85195.0
85193.0
85190.0
85188.0
85186.0
85184.0
85182.0
85179.0
85177.0
85175.0
85173.0
85171.0
85169.0
85167.0
85165.0
85164.0
85162.0
85161.0
85159.0
85158.0
85157.0
85155.0
85154.0
85154.0
85153.0
85152.0
85152.0
85151.0
85151.0
85151.0
85151.0
85151.0
85151.0
85152.0
85152.0
85152.0
85153.0
85154.0
85155.0
85156.0
85157.0
85158.0
85159.0
85160.0
85162.0
85163.0
85164.0
85166.0
85167.0
85169.0
85170.0
85171.0
85173.0
85175.0
85176.0
85178.0
85179.0
85181.0
85182.0
85184.0
85185.0
85186.0
85188.0
85189.0
85190.0
85191.0
85192.0
85193.0
85194.0
85195.0
85196.0
85197.0
85198.0
85198.0
85199.0
85199.0
85199.0
85199.0
85199.0
85199.0
85199.0
85198.0
85198.0
85197.0
85197.0
85196.0
85196.0
85195.0
85194.0
85193.0
85192.0
85191.0
85190.0
85189.0
85188.0
85187.0
85186.0
85185.0
85184.0
85183.0
85182.0
85181.0
85180.0
85179.0
85178.0
85178.0
85177.0
85176.0
85176.0
85176.0
85176.0
85176.0
85176.0
85177.0
85177.0
85178.0
85180.0
85181.0
85182.0
85183.0
85183.0
85184.0
85185.0
85186.0
85186.0
85187.0
85187.0
85187.0
85187.0
85187.0
85187.0
85186.0
85186.0
85186.0
85185.0
85185.0
85185.0
85184.0
85184.0
85183.0
85183.0
85182.0
85182.0
85182.0
85181.0
85181.0
85181.0
85182.0
85182.0
85182.0
85182.0
85182.0
85182.0
85183.0
85183.0
85184.0
85185.0
85186.0
85187.0
85188.0
85189.0
85190.0
85190.0
85191.0
85192.0
85193.0
85194.0
85194.0
85195.0
85196.0
85196.0
85197.0
85198.0
85198.0
85198.0
85199.0
85199.0
85199.0
85199.0
85199.0
85198.0
85198.0
85198.0
85197.0
85197.0
85196.0
85195.0
85195.0
85194.0
85193.0
85193.0
85192.0
85191.0
85191.0
85190.0
85190.0
85189.0
85189.0
85189.0
85189.0
85189.0
85189.0
85189.0
85188.0
85188.0
85188.0
85188.0
85188.0
85188.0
85188.0
85188.0
85188.0
85188.0
85188.0
85188.0
85188.0
85188.0
85188.0
85188.0
85188.0
85187.0
85187.0
85187.0
85187.0
85187.0
85187.0
85188.0
85188.0
85188.0
85188.0
85189.0
85189.0
85189.0
85190.0
85190.0
85191.0
85191.0
85192.0
85193.0
85194.0
85195.0
85196.0
85197.0
85198.0
85199.0
85200.0
85201.0
85202.0
85203.0
85203.0
85204.0
85205.0
85206.0
85207.0
85207.0
85208.0
85208.0
85209.0
85209.0
85209.0
85210.0
85210.0
85210.0
85210.0
85210.0
85210.0
85209.0
85209.0
85209.0
85209.0
85209.0
85209.0
85209.0
85209.0
85209.0
85209.0
85209.0
85209.0
85210.0
85210.0
85211.0
85212.0
85212.0
85213.0
85214.0
85214.0
85215.0
85216.0
85216.0
85217.0
85218.0
85218.0
85219.0
85220.0
85221.0
85222.0
85223.0
85224.0
85226.0
85227.0
85228.0
85229.0
85230.0
85231.0
85232.0
85232.0
85233.0
85234.0
85235.0
85236.0
85237.0
85238.0
85240.0
85241.0
85243.0
85244.0
85246.0
85247.0
85248.0
85250.0
85251.0
85253.0
85254.0
85256.0
85258.0
85259.0
85261.0
85262.0
85264.0
85265.0
85267.0
85268.0
85269.0
85270.0
85272.0
85273.0
85274.0
85275.0
85276.0
85277.0
85278.0
85279.0
85280.0
85281.0
85282.0
85283.0
85284.0
85284.0
85285.0
85286.0
85286.0
85286.0
85286.0
85286.0
85286.0
85285.0
85285.0
85284.0
85284.0
85283.0
85283.0
85283.0
85282.0
85282.0
85281.0
85281.0
85280.0
85279.0
85279.0
85278.0
85278.0
85277.0
85277.0
85277.0
85277.0
85277.0
85278.0
85278.0
85279.0
85279.0
85280.0
85280.0
85280.0
85280.0
85279.0
85279.0
85279.0
85279.0
85278.0
85278.0
85278.0
85278.0
85278.0
85277.0
85277.0
85276.0
85275.0
85275.0
85274.0
85273.0
85271.0
85270.0
85269.0
85267.0
85266.0
85264.0
85263.0
85262.0
85262.0
85261.0
85261.0
85262.0
85262.0
85262.0
85263.0
85263.0
85264.0
85264.0
85264.0
85264.0
85265.0
85265.0
85265.0
85265.0
85265.0
85265.0
85264.0
85264.0
85263.0
85262.0
85260.0
85259.0
85258.0
85257.0
85255.0
85254.0
85252.0
85250.0
85248.0
85246.0
85243.0
85241.0
85239.0
85236.0
85234.0
85231.0
85229.0
85226.0
85223.0
85220.0
85217.0
85214.0
85211.0
85209.0
85206.0
85203.0
85201.0
85198.0
85196.0
85193.0
85190.0
85188.0
85185.0
85182.0
85180.0
85178.0
85175.0
85173.0
85171.0
85169.0
85167.0
85165.0
85163.0
85161.0
85160.0
85159.0
85158.0
85156.0
85155.0
85154.0
85153.0
85152.0
85151.0
85150.0
85149.0
85148.0
85148.0
85147.0
85147.0
85146.0
85146.0
85146.0
85147.0
85147.0
85147.0
85148.0
85149.0
85150.0
85151.0
85152.0
85153.0
85154.0
85155.0
85156.0
85157.0
85158.0
85159.0
85161.0
85162.0
85163.0
85164.0
85165.0
85166.0
85167.0
85168.0
85169.0
85170.0
85170.0
85171.0
85171.0
85172.0
85172.0
85172.0
85172.0
85172.0
85172.0
85172.0
85172.0
85172.0
85172.0
85172.0
85172.0
85171.0
85171.0
85170.0
85169.0
85168.0
85167.0
85166.0
85165.0
85163.0
85162.0
85160.0
85158.0
85156.0
85154.0
85152.0
85149.0
85146.0
85144.0
85141.0
85138.0
85135.0
85132.0
85129.0
85126.0
85124.0
85121.0
85119.0
85118.0
85116.0
85114.0
85113.0
85112.0
85110.0
85109.0
85108.0
85107.0
85106.0
85105.0
85104.0
85102.0
85101.0
85100.0
85099.0
85098.0
85097.0
85097.0
85096.0
85095.0
85094.0
85093.0
85093.0
85092.0
85091.0
85091.0
85090.0
85089.0
85089.0
85088.0
85087.0
85087.0
85086.0
85086.0
85085.0
85084.0
85084.0
85083.0
85083.0
85082.0
85081.0
85081.0
85080.0
85080.0
85079.0
85078.0
85077.0
85076.0
85075.0
85075.0
85074.0
85073.0
85072.0
85071.0
85070.0
85069.0
85068.0
85067.0
85066.0
85064.0
85063.0
85061.0
85060.0
85058.0
85057.0
85055.0
85053.0
85051.0
85049.0
85047.0
85045.0
85042.0
85040.0
85037.0
85035.0
85033.0
85030.0
85028.0
85025.0
85023.0
85021.0
85019.0
85017.0
85015.0
85013.0
85011.0
85010.0
85008.0
85006.0
85005.0
85004.0
85002.0
85001.0
85000.0
84999.0
84998.0
84997.0
84997.0
84996.0
84995.0
84995.0
84994.0
84994.0
84994.0
84993.0
84993.0
84993.0
84992.0
84992.0
84992.0
84992.0
84992.0
84992.0
84992.0
84992.0
84992.0
84992.0
84992.0
84992.0
84993.0
84993.0
84994.0
84994.0
84995.0
84995.0
84996.0
84996.0
84997.0
84997.0
84998.0
84998.0
84999.0
84999.0
85000.0
85000.0
85001.0
85001.0
85001.0
85002.0
85002.0
85002.0
85002.0
85003.0
85003.0
85003.0
85003.0
85003.0
85003.0
85003.0
85002.0
85002.0
85002.0
85001.0
85000.0
85000.0
84999.0
84998.0
84997.0
84996.0
84995.0
84995.0
84994.0
84993.0
84991.0
84990.0
84989.0
84988.0
84987.0
84986.0
84985.0
84984.0
84983.0
84981.0
84980.0
84979.0
84978.0
84977.0
84976.0
84975.0
84974.0
84974.0
84973.0
84972.0
84972.0
84971.0
84971.0
84971.0
84971.0
84970.0
84970.0
84970.0
84971.0
84971.0
84971.0
84972.0
84972.0
84973.0
84974.0
84974.0
84975.0
84976.0
84977.0
84978.0
84979.0
84979.0
84980.0
84981.0
84982.0
84983.0
84984.0
84985.0
84986.0
84988.0
84989.0
84990.0
84992.0
84993.0
84995.0
84996.0
84997.0
84998.0
85000.0
85001.0
85002.0
85003.0
85005.0
85006.0
85007.0
85008.0
85009.0
85010.0
85011.0
85012.0
85013.0
85013.0
85014.0
85014.0
85015.0
85015.0
85015.0
85015.0
85015.0
85014.0
85014.0
85013.0
85013.0
85012.0
85011.0
85010.0
85009.0
85007.0
85006.0
85004.0
85003.0
85002.0
85000.0
84999.0
84998.0
84997.0
84995.0
84994.0
84993.0
84992.0
84991.0
84991.0
84990.0
84989.0
84989.0
84988.0
84988.0
84988.0
84988.0
84988.0
84988.0
84989.0
84989.0
84990.0
84991.0
84992.0
84993.0
84994.0
84995.0
84997.0
84998.0
85000.0
85001.0
85003.0
85004.0
85006.0
85008.0
85009.0
85011.0
85013.0
85016.0
85018.0
85020.0
85022.0
85025.0
85027.0
85029.0
85031.0
85034.0
85036.0
85038.0
85041.0
85043.0
85045.0
85047.0
85050.0
85052.0
85054.0
85057.0
85059.0
85060.0
85062.0
85064.0
85065.0
85067.0
85068.0
85070.0
85071.0
85072.0
85073.0
85074.0
85075.0
85075.0
85076.0
85077.0
85077.0
85077.0
85078.0
85078.0
85078.0
85078.0
85079.0
85079.0
85079.0
85079.0
85079.0
85079.0
85079.0
85078.0
85078.0
85078.0
85077.0
85077.0
85077.0
85077.0
85077.0
85076.0
85076.0
85076.0
85076.0
85076.0
85076.0
85077.0
85077.0
85078.0
85078.0
85079.0
85079.0
85080.0
85080.0
85081.0
85081.0
85082.0
85083.0
85084.0
85085.0
85086.0
85087.0
85088.0
85089.0
85090.0
85091.0
85093.0
85094.0
85095.0
85097.0
85098.0
85099.0
85101.0
85102.0
85104.0
85105.0
85106.0
85107.0
85109.0
85110.0
85111.0
85113.0
85114.0
85115.0
85117.0
85118.0
85119.0
85121.0
85122.0
85123.0
85125.0
85126.0
85128.0
85129.0
85131.0
85132.0
85133.0
85135.0
85136.0
85137.0
85138.0
85139.0
85140.0
85141.0
85142.0
85143.0
85144.0
85144.0
85145.0
85145.0
85145.0
85145.0
85145.0
85145.0
85145.0
85145.0
85146.0
85146.0
85147.0
85148.0
85148.0
85149.0
85149.0
85150.0
85150.0
85150.0
85150.0
85150.0
85150.0
85149.0
85148.0
85147.0
85146.0
85144.0
85143.0
85141.0
85139.0
85137.0
85135.0
85133.0
85131.0
85128.0
85126.0
85124.0
85121.0
85119.0
85117.0
85114.0
85112.0
85110.0
85107.0
85105.0
85103.0
85101.0
85099.0
85097.0
85095.0
85094.0
85092.0
85091.0
85090.0
85088.0
85087.0
85086.0
85086.0
85085.0
85085.0
85084.0
85084.0
85084.0
85083.0
85083.0
85083.0
85082.0
85082.0
85082.0
85082.0
85081.0
85081.0
85081.0
85080.0
85080.0
85080.0
85079.0
85079.0
85078.0
85078.0
85078.0
85077.0
85076.0
85076.0
85075.0
85074.0
85073.0
85072.0
85071.0
85070.0
85068.0
85067.0
85065.0
85063.0
85062.0
85060.0
85058.0
85056.0
85053.0
85051.0
85049.0
85047.0
85045.0
85043.0
85041.0
85040.0
85038.0
85036.0
85034.0
85033.0
85031.0
85029.0
85028.0
85027.0
85025.0
85024.0
85023.0
85022.0
85021.0
85020.0
85019.0
85018.0
85017.0
85017.0
85016.0
85016.0
85016.0
85016.0
85016.0
85016.0
85016.0
85016.0
85017.0
85017.0
85018.0
85018.0
85019.0
85019.0
85020.0
85020.0
85021.0
85021.0
85022.0
85022.0
85022.0
85023.0
85023.0
85024.0
85024.0
85024.0
85025.0
85025.0
85025.0
85025.0
85026.0
85026.0
85026.0
85026.0
85026.0
85027.0
85027.0
85027.0
85027.0
85027.0
85028.0
85028.0
85028.0
85028.0
85029.0
85029.0
85029.0
85029.0
85029.0
85029.0
85029.0
85029.0
85029.0
85029.0
85029.0
85028.0
85028.0
85028.0
85027.0
85027.0
85026.0
85026.0
85026.0
85025.0
85025.0
85025.0
85024.0
85024.0
85023.0
85022.0
85022.0
85022.0
85022.0
85022.0
85022.0
85022.0
85022.0
85022.0
85022.0
85023.0
85023.0
85023.0
85024.0
85025.0
85026.0
85027.0
85028.0
85029.0
85030.0
85031.0
85032.0
85033.0
85034.0
85036.0
85037.0
85038.0
85039.0
85041.0
85042.0
85044.0
85045.0
85047.0
85049.0
85050.0
85052.0
85053.0
85055.0
85056.0
85058.0
85059.0
85061.0
85062.0
85064.0
85066.0
85068.0
85069.0
85071.0
85073.0
85075.0
85077.0
85079.0
85081.0
85083.0
85085.0
85087.0
85089.0
85091.0
85093.0
85095.0
85097.0
85099.0
85101.0
85103.0
85105.0
85106.0
85108.0
85110.0
85112.0
85113.0
85115.0
85117.0
85118.0
85119.0
85120.0
85121.0
85122.0
85123.0
85123.0
85124.0
85124.0
85124.0
85123.0
85123.0
85122.0
85121.0
85120.0
85119.0
85118.0
85117.0
85116.0
85114.0
85113.0
85111.0
85109.0
85108.0
85106.0
85105.0
85104.0
85103.0
85103.0
85102.0
85101.0
85101.0
85100.0
85100.0
85099.0
85099.0
85098.0
85098.0
85098.0
85097.0
85097.0
85097.0
85097.0
85097.0
85097.0
85097.0
85096.0
85096.0
85097.0
85097.0
85097.0
85097.0
85097.0
85098.0
85098.0
85098.0
85098.0
85098.0
85099.0
85099.0
85099.0
85099.0
85099.0
85100.0
85100.0
85100.0
85100.0
85100.0
85100.0
85100.0
85100.0
85100.0
85100.0
85100.0
85100.0
85100.0
85100.0
85100.0
85100.0
85100.0
85101.0
85101.0
85101.0
85101.0
85101.0
85101.0
85101.0
85100.0
85100.0
85099.0
85098.0
85097.0
85097.0
85096.0
85095.0
85094.0
85093.0
85092.0
85090.0
85089.0
85088.0
85087.0
85086.0
85085.0
85084.0
85083.0
85082.0
85081.0
85080.0
85079.0
85078.0
85077.0
85077.0
85076.0
85076.0
85075.0
85075.0
85074.0
85074.0
85073.0
85072.0
85072.0
85072.0
85072.0
85072.0
85072.0
85072.0
85072.0
85073.0
85073.0
85073.0
85073.0
85074.0
85074.0
85075.0
85075.0
85076.0
85077.0
85078.0
85079.0
85081.0
85082.0
85084.0
85086.0
85087.0
85089.0
85091.0
85093.0
85095.0
85097.0
85100.0
85102.0
85105.0
85108.0
85112.0
85116.0
85120.0
85125.0
85130.0
85135.0
85140.0
85144.0
85149.0
85153.0
85158.0
85161.0
85165.0
85169.0
85172.0
85175.0
85177.0
85179.0
85181.0
85183.0
85184.0
85185.0
85185.0
85186.0
85186.0
85185.0
85184.0
85183.0
85182.0
85181.0
85179.0
85178.0
85176.0
85174.0
85172.0
85170.0
85169.0
85167.0
85165.0
85163.0
85161.0
85159.0
85157.0
85155.0
85153.0
85151.0
85148.0
85146.0
85144.0
85142.0
85140.0
85139.0
85137.0
85135.0
85133.0
85131.0
85129.0
85128.0
85126.0
85125.0
85123.0
85122.0
85121.0
85120.0
85120.0
85120.0
85120.0
85121.0
85122.0
85124.0
85126.0
85128.0
85131.0
85133.0
85136.0
85139.0
85142.0
85144.0
85147.0
85149.0
85152.0
85155.0
85158.0
85161.0
85164.0
85167.0
85170.0
85173.0
85176.0
85179.0
85182.0
85185.0
85188.0
85191.0
85194.0
85197.0
85200.0
85203.0
85206.0
85209.0
85212.0
85215.0
85218.0
85221.0
85224.0
85226.0
85229.0
85231.0
85233.0
85235.0
85236.0
85238.0
85239.0
85240.0
85241.0
85241.0
85242.0
85242.0
85243.0
85243.0
85244.0
85244.0
85244.0
85244.0
85244.0
85244.0
85244.0
85244.0
85243.0
85243.0
85243.0
85242.0
85242.0
85242.0
85242.0
85241.0
85241.0
85241.0
85241.0
85241.0
85241.0
85241.0
85241.0
85241.0
85241.0
85240.0
85239.0
85238.0
85238.0
85237.0
85236.0
85235.0
85234.0
85233.0
85232.0
85231.0
85230.0
85228.0
85227.0
85225.0
85224.0
85223.0
85221.0
85220.0
85218.0
85217.0
85215.0
85213.0
85212.0
85210.0
85208.0
85207.0
85205.0
85203.0
85201.0
85200.0
85198.0
85197.0
85195.0
85194.0
85192.0
85191.0
85190.0
85188.0
85187.0
85186.0
85185.0
85184.0
85183.0
85182.0
85181.0
85180.0
85179.0
85177.0
85176.0
85175.0
85174.0
85173.0
85172.0
85171.0
85170.0
85169.0
85168.0
85167.0
85166.0
85165.0
85164.0
85163.0
85162.0
85161.0
85160.0
85158.0
85157.0
85156.0
85154.0
85153.0
85151.0
85150.0
85149.0
85148.0
85147.0
85146.0
85145.0
85144.0
85143.0
85142.0
85142.0
85141.0
85141.0
85140.0
85140.0
85140.0
85140.0
85140.0
85139.0
85139.0
85139.0
85139.0
85138.0
85138.0
85138.0
85138.0
85138.0
85139.0
85139.0
85140.0
85140.0
85141.0
85142.0
85143.0
85144.0
85145.0
85146.0
85148.0
85149.0
85150.0
85152.0
85154.0
85155.0
85157.0
85159.0
85161.0
85163.0
85165.0
85167.0
85169.0
85172.0
85174.0
85177.0
85179.0
85181.0
85183.0
85186.0
85187.0
85189.0
85191.0
85192.0
85194.0
85195.0
85196.0
85197.0
85198.0
85199.0
85199.0
85199.0
85199.0
85199.0
85198.0
85198.0
85197.0
85197.0
85196.0
85195.0
85194.0
85193.0
85192.0
85190.0
85188.0
85187.0
85185.0
85183.0
85181.0
85180.0
85178.0
85176.0
85174.0
85172.0
85170.0
85168.0
85166.0
85164.0
85162.0
85161.0
85159.0
85157.0
85156.0
85154.0
85153.0
85152.0
85151.0
85150.0
85149.0
85149.0
85149.0
85149.0
85149.0
85150.0
85150.0
85151.0
85152.0
85152.0
85153.0
85154.0
85156.0
85157.0
85158.0
85160.0
85161.0
85163.0
85164.0
85166.0
85168.0
85169.0
85171.0
85173.0
85175.0
85177.0
85180.0
85182.0
85184.0
85187.0
85190.0
85193.0
85195.0
85198.0
85200.0
85202.0
85204.0
85206.0
85207.0
85209.0
85211.0
85212.0
85214.0
85216.0
85218.0
85220.0
85222.0
85224.0
85226.0
85228.0
85229.0
85230.0
85232.0
85233.0
85234.0
85235.0
85236.0
85236.0
85237.0
85237.0
85238.0
85238.0
85238.0
85238.0
85238.0
85237.0
85237.0
85237.0
85236.0
85236.0
85235.0
85234.0
85233.0
85232.0
85231.0
85230.0
85229.0
85228.0
85227.0
85225.0
85224.0
85223.0
85222.0
85221.0
85220.0
85219.0
85218.0
85217.0
85216.0
85215.0
85214.0
85213.0
85212.0
85211.0
85211.0
85211.0
85210.0
85210.0
85210.0
85210.0
85210.0
85209.0
85209.0
85209.0
85208.0
85207.0
85207.0
85206.0
85206.0
85205.0
85205.0
85205.0
85205.0
85206.0
85207.0
85209.0
85210.0
85212.0
85214.0
85216.0
85218.0
85220.0
85221.0
85223.0
85224.0
85226.0
85227.0
85228.0
85230.0
85231.0
85232.0
85234.0
85235.0
85236.0
85238.0
85239.0
85241.0
85242.0
85243.0
85244.0
85245.0
85246.0
85247.0
85248.0
85248.0
85249.0
85249.0
85249.0
85249.0
85249.0
85249.0
85250.0
85250.0
85250.0
85251.0
85251.0
85252.0
85252.0
85253.0
85253.0
85254.0
85254.0
85254.0
85254.0
85254.0
85254.0
85254.0
85254.0
85253.0
85253.0
85253.0
85253.0
85253.0
85253.0
85253.0
85252.0
85252.0
85251.0
85251.0
85250.0
85249.0
85248.0
85248.0
85247.0
85246.0
85245.0
85244.0
85244.0
85243.0
85242.0
85242.0
85241.0
85240.0
85240.0
85239.0
85239.0
85239.0
85239.0
85239.0
85239.0
85239.0
85239.0
85239.0
85239.0
85238.0
85238.0
85238.0
85237.0
85237.0
85236.0
85236.0
85236.0
85235.0
85236.0
85236.0
85236.0
85237.0
85237.0
85238.0
85238.0
85238.0
85238.0
85239.0
85239.0
85239.0
85239.0
85240.0
85240.0
85241.0
85242.0
85242.0
85243.0
85244.0
85244.0
85245.0
85245.0
85246.0
85247.0
85248.0
85249.0
85251.0
85252.0
85254.0
85257.0
85260.0
85263.0
85266.0
85270.0
85274.0
85279.0
85283.0
85288.0
85293.0
85298.0
85303.0
85307.0
85312.0
85316.0
85320.0
85325.0
85329.0
85334.0
85338.0
85342.0
85346.0
85350.0
85354.0
85357.0
85360.0
85363.0
85365.0
85368.0
85370.0
85372.0
85375.0
85378.0
85380.0
85383.0
85385.0
85388.0
85390.0
85392.0
85394.0
85396.0
85397.0
85399.0
85400.0
85401.0
85401.0
85402.0
85402.0
85402.0
85402.0
85402.0
85401.0
85401.0
85400.0
85399.0
85398.0
85396.0
85395.0
85394.0
85392.0
85391.0
85389.0
85388.0
85387.0
85385.0
85384.0
85382.0
85381.0
85380.0
85378.0
85377.0
85375.0
85374.0
85372.0
85370.0
85368.0
85366.0
85365.0
85363.0
85361.0
85360.0
85359.0
85357.0
85356.0
85354.0
85352.0
85350.0
85348.0
85345.0
85343.0
85340.0
85338.0
85336.0
85334.0
85332.0
85330.0
85328.0
85326.0
85324.0
85322.0
85320.0
85318.0
85316.0
85314.0
85312.0
85310.0
85308.0
85307.0
85305.0
85303.0
85301.0
85299.0
85297.0
85295.0
85294.0
85292.0
85291.0
85289.0
85288.0
85287.0
85287.0
85286.0
85285.0
85285.0
85284.0
85284.0
85283.0
85282.0
85282.0
85282.0
85282.0
85283.0
85284.0
85285.0
85286.0
85288.0
85289.0
85291.0
85292.0
85294.0
85295.0
85297.0
85298.0
85300.0
85302.0
85304.0
85306.0
85308.0
85310.0
85312.0
85314.0
85316.0
85318.0
85320.0
85321.0
85323.0
85325.0
85327.0
85329.0
85330.0
85332.0
85333.0
85335.0
85336.0
85337.0
85337.0
85338.0
85338.0
85338.0
85339.0
85339.0
85340.0
85340.0
85341.0
85341.0
85341.0
85341.0
85341.0
85341.0
85341.0
85340.0
85340.0
85339.0
85339.0
85338.0
85338.0
85337.0
85337.0
85336.0
85335.0
85335.0
85334.0
85334.0
85333.0
85332.0
85332.0
85331.0
85331.0
85330.0
85330.0
85329.0
85328.0
85328.0
85328.0
85327.0
85327.0
85326.0
85326.0
85325.0
85325.0
85324.0
85323.0
85322.0
85322.0
85321.0
85321.0
85320.0
85320.0
85320.0
85320.0
85320.0
85319.0
85319.0
85318.0
85318.0
85317.0
85316.0
85315.0
85314.0
85314.0
85313.0
85312.0
85312.0
85312.0
85312.0
85312.0
85313.0
85314.0
85315.0
85316.0
85317.0
85318.0
85318.0
85319.0
85320.0
85321.0
85323.0
85324.0
85325.0
85326.0
85327.0
85328.0
85329.0
85329.0
85330.0
85330.0
85330.0
85330.0
85330.0
85330.0
85330.0
85331.0
85331.0
85331.0
85330.0
85330.0
85330.0
85330.0
85330.0
85330.0
85330.0
85330.0
85330.0
85330.0
85330.0
85330.0
85330.0
85330.0
85330.0
85329.0
85329.0
85329.0
85329.0
85328.0
85328.0
85328.0
85327.0
85327.0
85326.0
85325.0
85324.0
85323.0
85322.0
85321.0
85320.0
85318.0
85317.0
85315.0
85313.0
85311.0
85310.0
85308.0
85306.0
85305.0
85303.0
85301.0
85300.0
85298.0
85297.0
85296.0
85294.0
85293.0
85292.0
85291.0
85290.0
85289.0
85289.0
85288.0
85288.0
85288.0
85287.0
85287.0
85287.0
85286.0
85286.0
85286.0
85287.0
85287.0
85288.0
85289.0
85290.0
85291.0
85293.0
85294.0
85295.0
85297.0
85299.0
85300.0
85301.0
85303.0
85304.0
85305.0
85307.0
85308.0
85309.0
85310.0
85312.0
85313.0
85314.0
85315.0
85316.0
85317.0
85317.0
85318.0
85318.0
85318.0
85318.0
85318.0
85318.0
85318.0
85317.0
85317.0
85317.0
85317.0
85317.0
85317.0
85317.0
85318.0
85318.0
85318.0
85318.0
85317.0
85317.0
85317.0
85318.0
85318.0
85318.0
85319.0
85320.0
85321.0
85322.0
85323.0
85324.0
85325.0
85325.0
85326.0
85326.0
85327.0
85327.0
85328.0
85328.0
85329.0
85330.0
85331.0
85331.0
85332.0
85332.0
85332.0
85333.0
85333.0
85333.0
85332.0
85332.0
85332.0
85332.0
85332.0
85332.0
85332.0
85332.0
85332.0
85332.0
85331.0
85331.0
85331.0
85330.0
85330.0
85330.0
85330.0
85329.0
85329.0
85329.0
85328.0
85328.0
85327.0
85327.0
85327.0
85327.0
85327.0
85327.0
85328.0
85328.0
85328.0
85329.0
85329.0
85329.0
85328.0
85328.0
85328.0
85328.0
85329.0
85329.0
85330.0
85331.0
85332.0
85332.0
85333.0
85334.0
85334.0
85334.0
85335.0
85336.0
85337.0
85338.0
85340.0
85342.0
85344.0
85346.0
85348.0
85350.0
85352.0
85353.0
85354.0
85355.0
85356.0
85358.0
85359.0
85360.0
85362.0
85363.0
85365.0
85367.0
85369.0
85371.0
85373.0
85375.0
85378.0
85380.0
85383.0
85385.0
85388.0
85391.0
85393.0
85396.0
85399.0
85402.0
85405.0
85408.0
85412.0
85415.0
85419.0
85422.0
85426.0
85429.0
85433.0
85436.0
85439.0
85443.0
85446.0
85449.0
85452.0
85456.0
85459.0
85462.0
85465.0
85468.0
85471.0
85474.0
85477.0
85479.0
85481.0
85483.0
85485.0
85486.0
85488.0
85489.0
85491.0
85492.0
85493.0
85494.0
85495.0
85496.0
85496.0
85496.0
85496.0
85496.0
85495.0
85495.0
85495.0
85494.0
85494.0
85494.0
85494.0
85493.0
85492.0
85492.0
85491.0
85489.0
85487.0
85486.0
85484.0
85482.0
85480.0
85478.0
85476.0
85475.0
85473.0
85472.0
85470.0
85469.0
85467.0
85466.0
85464.0
85462.0
85460.0
85458.0
85456.0
85454.0
85452.0
85450.0
85448.0
85446.0
85444.0
85442.0
85440.0
85438.0
85436.0
85434.0
85432.0
85430.0
85428.0
85427.0
85425.0
85424.0
85423.0
85422.0
85422.0
85422.0
85422.0
85422.0
85422.0
85423.0
85423.0
85423.0
85424.0
85424.0
85424.0
85425.0
85425.0
85425.0
85425.0
85426.0
85426.0
85427.0
85427.0
85428.0
85428.0
85429.0
85429.0
85429.0
85430.0
85430.0
85430.0
85430.0
85430.0
85430.0
85431.0
85431.0
85431.0
85431.0
85432.0
85432.0
85432.0
85432.0
85433.0
85433.0
85433.0
85433.0
85432.0
85432.0
85431.0
85430.0
85430.0
85429.0
85428.0
85427.0
85426.0
85425.0
85425.0
85424.0
85424.0
85423.0
85423.0
85422.0
85421.0
85420.0
85419.0
85418.0
85416.0
85415.0
85414.0
85414.0
85413.0
85412.0
85411.0
85411.0
85410.0
85409.0
85407.0
85406.0
85405.0
85404.0
85403.0
85402.0
85401.0
85401.0
85400.0
85400.0
85399.0
85399.0
85399.0
85399.0
85399.0
85398.0
85398.0
85398.0
85399.0
85399.0
85399.0
85400.0
85400.0
85401.0
85401.0
85402.0
85402.0
85403.0
85403.0
85404.0
85405.0
85405.0
85406.0
85408.0
85409.0
85410.0
85411.0
85413.0
85414.0
85416.0
85417.0
85419.0
85420.0
85422.0
85424.0
85426.0
85427.0
85429.0
85431.0
85433.0
85435.0
85437.0
85439.0
85441.0
85443.0
85444.0
85446.0
85448.0
85449.0
85451.0
85452.0
85453.0
85455.0
85456.0
85457.0
85458.0
85459.0
85460.0
85461.0
85462.0
85464.0
85466.0
85467.0
85469.0
85471.0
85472.0
85474.0
85475.0
85476.0
85476.0
85477.0
85477.0
85478.0
85478.0
85478.0
85479.0
85479.0
85479.0
85479.0
85479.0
85478.0
85478.0
85477.0
85477.0
85476.0
85476.0
85475.0
85475.0
85475.0
85476.0
85476.0
85477.0
85478.0
85479.0
85480.0
85481.0
85481.0
85482.0
85483.0
85483.0
85484.0
85485.0
85485.0
85486.0
85486.0
85487.0
85488.0
85489.0
85490.0
85491.0
85492.0
85494.0
85495.0
85496.0
85498.0
85499.0
85500.0
85501.0
85501.0
85502.0
85503.0
85503.0
85504.0
85504.0
85505.0
85505.0
85505.0
85506.0
85506.0
85506.0
85506.0
85506.0
85506.0
85505.0
85505.0
85504.0
85503.0
85503.0
85502.0
85501.0
85501.0
85501.0
85501.0
85501.0
85501.0
85500.0
85500.0
85499.0
85498.0
85497.0
85496.0
85494.0
85493.0
85491.0
85490.0
85489.0
85488.0
85488.0
85487.0
85486.0
85486.0
85486.0
85485.0
85484.0
85483.0
85482.0
85481.0
85480.0
85479.0
85478.0
85477.0
85476.0
85474.0
85473.0
85471.0
85470.0
85468.0
85466.0
85465.0
85463.0
85461.0
85459.0
85457.0
85456.0
85454.0
85451.0
85449.0
85447.0
85444.0
85442.0
85439.0
85437.0
85435.0
85432.0
85430.0
85428.0
85426.0
85424.0
85422.0
85420.0
85419.0
85417.0
85415.0
85414.0
85413.0
85412.0
85411.0
85410.0
85409.0
85408.0
85407.0
85406.0
85405.0
85404.0
85403.0
85402.0
85400.0
85399.0
85398.0
85397.0
85396.0
85395.0
85394.0
85393.0
85392.0
85391.0
85390.0
85389.0
85388.0
85388.0
85387.0
85386.0
85385.0
85385.0
85384.0
85383.0
85383.0
85382.0
85381.0
85380.0
85379.0
85378.0
85377.0
85375.0
85374.0
85373.0
85372.0
85370.0
85369.0
85367.0
85365.0
85363.0
85361.0
85359.0
85357.0
85356.0
85354.0
85352.0
85351.0
85349.0
85348.0
85346.0
85345.0
85343.0
85342.0
85340.0
85339.0
85338.0
85336.0
85335.0
85334.0
85333.0
85332.0
85331.0
85330.0
85329.0
85328.0
85327.0
85325.0
85324.0
85323.0
85322.0
85322.0
85321.0
85320.0
85318.0
85317.0
85316.0
85315.0
85313.0
85312.0
85311.0
85309.0
85308.0
85306.0
85305.0
85303.0
85301.0
85299.0
85297.0
85295.0
85293.0
85291.0
85288.0
85285.0
85283.0
85280.0
85277.0
85274.0
85271.0
85268.0
85265.0
85261.0
85258.0
85254.0
85250.0
85246.0
85243.0
85239.0
85235.0
85230.0
85226.0
85221.0
85216.0
85211.0
85206.0
85200.0
85195.0
85189.0
85183.0
85177.0
85171.0
85165.0
85159.0
85152.0
85146.0
85140.0
85134.0
85128.0
85121.0
85115.0
85109.0
85102.0
85096.0
85090.0
85084.0
85077.0
85071.0
85064.0
85058.0
85051.0
85045.0
85038.0
85032.0
85025.0
85018.0
85011.0
85005.0
85002.0
84998.0
84995.0
84992.0
84988.0
84984.0
84979.0
84974.0
84968.0
84962.0
84955.0
84948.0
84941.0
84933.0
84924.0
84916.0
84907.0
84897.0
84886.0
84875.0
84863.0
84851.0
84837.0
84823.0
84808.0
84792.0
84776.0
84759.0
84742.0
84723.0
84704.0
84683.0
84661.0
84638.0
84614.0
84589.0
84566.0
84543.0
84521.0
84501.0
84484.0
84469.0
84456.0
84447.0
84441.0
84439.0
84440.0
84445.0
84453.0
84465.0
84480.0
84499.0
84520.0
84544.0
84568.0
84594.0
84621.0
84651.0
84684.0
84722.0
84765.0
84815.0
84873.0
84937.0
85006.0
85079.0
85153.0
85227.0
85302.0
85378.0
85454.0
85529.0
85601.0
85668.0
85724.0
85768.0
85796.0
85807.0
85799.0
85775.0
85736.0
85688.0
85633.0
85573.0
85507.0
85436.0
85356.0
85268.0
85170.0
85062.0
84942.0
84809.0
84663.0
84504.0
84334.0
84152.0
83960.0
83759.0
83552.0
83340.0
83126.0
82913.0
82700.0
82490.0
82286.0
82089.0
81900.0
81720.0
81547.0
81382.0
81226.0
81079.0
80941.0
80811.0
80690.0
80576.0
80468.0
80366.0
80267.0
80169.0
80071.0
79971.0
79868.0
79762.0
79654.0
79545.0
79438.0
79334.0
79236.0
79145.0
79063.0
78992.0
78932.0
78885.0
78849.0
78828.0
78820.0
78827.0
78850.0
78889.0
78943.0
79013.0
79097.0
79196.0
79307.0
79431.0
79567.0
79713.0
79869.0
80034.0
80207.0
80387.0
80572.0
80763.0
80957.0
81155.0
81355.0
81556.0
81758.0
81959.0
82161.0
82362.0
82563.0
82766.0
82971.0
83179.0
83389.0
83600.0
83809.0
84016.0
84219.0
84418.0
84613.0
84802.0
84987.0
85167.0
85342.0
85511.0
85675.0
85834.0
85986.0
86134.0
86275.0
86411.0
86540.0
86664.0
86782.0
86894.0
87001.0
87102.0
87197.0
87287.0
87372.0
87452.0
87527.0
87596.0
87662.0
87722.0
87779.0
87831.0
87880.0
87924.0
87965.0
88002.0
88036.0
88067.0
88095.0
88120.0
88143.0
88162.0
88179.0
88193.0
88204.0
88214.0
88221.0
88227.0
88231.0
88234.0
88236.0
88236.0
88234.0
88232.0
88228.0
88224.0
88218.0
88212.0
88205.0
88198.0
88190.0
88182.0
88174.0
88165.0
88156.0
88147.0
88138.0
88130.0
88121.0
88113.0
88104.0
88096.0
88088.0
88080.0
88073.0
88065.0
88058.0
88051.0
88044.0
88037.0
88031.0
88025.0
88018.0
88012.0
88006.0
88000.0
87994.0
87988.0
87982.0
87976.0
87971.0
87965.0
87961.0
87956.0
87951.0
87947.0
87942.0
87938.0
87934.0
87929.0
87925.0
87922.0
87918.0
87915.0
87911.0
87908.0
87904.0
87901.0
87898.0
87896.0
87894.0
87892.0
87890.0
87889.0
87888.0
87887.0
87886.0
87885.0
87884.0
87884.0
87884.0
87883.0
87884.0
87884.0
87884.0
87885.0
87885.0
87885.0
87886.0
87887.0
87888.0
87888.0
87889.0
87890.0
87891.0
87891.0
87892.0
87893.0
87893.0
87894.0
87895.0
87896.0
87897.0
87897.0
87898.0
87899.0
87900.0
87901.0
87902.0
87903.0
87904.0
87905.0
87905.0
87906.0
87906.0
87907.0
87907.0
87908.0
87908.0
87909.0
87910.0
87910.0
87911.0
87912.0
87913.0
87913.0
87914.0
87915.0
87917.0
87918.0
87920.0
87922.0
87924.0
87926.0
87929.0
87932.0
87935.0
87939.0
87943.0
87948.0
87953.0
87958.0
87963.0
87969.0
87974.0
87979.0
87985.0
87991.0
87996.0
88001.0
88006.0
88011.0
88016.0
88020.0
88025.0
88029.0
88033.0
88037.0
88042.0
88046.0
88050.0
88054.0
88058.0
88062.0
88066.0
88070.0
88074.0
88079.0
88083.0
88088.0
88092.0
88097.0
88101.0
88105.0
88109.0
88113.0
88117.0
88120.0
88123.0
88126.0
88128.0
88130.0
88132.0
88133.0
88134.0
88136.0
88137.0
88137.0
88138.0
88139.0
88139.0
88139.0
88138.0
88138.0
88137.0
88136.0
88134.0
88133.0
88131.0
88129.0
88127.0
88124.0
88122.0
88120.0
88118.0
88116.0
88114.0
88112.0
88110.0
88108.0
88105.0
88103.0
88101.0
88099.0
88098.0
88096.0
88095.0
88093.0
88092.0
88091.0
88089.0
88087.0
88085.0
88083.0
88082.0
88080.0
88079.0
88077.0
88076.0
88075.0
88075.0
88074.0
88074.0
88073.0
88073.0
88073.0
88073.0
88073.0
88074.0
88074.0
88075.0
88076.0
88076.0
88077.0
88077.0
88077.0
88077.0
88076.0
88076.0
88075.0
88074.0
88073.0
88072.0
88070.0
88068.0
88067.0
88065.0
88062.0
88060.0
88058.0
88055.0
88053.0
88050.0
88047.0
88044.0
88041.0
88037.0
88034.0
88031.0
88028.0
88025.0
88021.0
88018.0
88014.0
88011.0
88008.0
88004.0
88001.0
87998.0
87995.0
87992.0
87989.0
87986.0
87983.0
87980.0
87977.0
87974.0
87971.0
87968.0
87965.0
87961.0
87958.0
87956.0
87953.0
87950.0
87947.0
87945.0
87942.0
87939.0
87937.0
87934.0
87931.0
87929.0
87926.0
87924.0
87921.0
87919.0
87916.0
87914.0
87912.0
87910.0
87908.0
87906.0
87904.0
87902.0
87901.0
87899.0
87897.0
87896.0
87895.0
87894.0
87893.0
87892.0
87892.0
87892.0
87892.0
87892.0
87892.0
87892.0
87893.0
87893.0
87894.0
87894.0
87894.0
87895.0
87895.0
87896.0
87897.0
87897.0
87898.0
87899.0
87899.0
87900.0
87901.0
87901.0
87902.0
87901.0
87901.0
87900.0
87898.0
87896.0
87893.0
87890.0
87887.0
87883.0
87880.0
87876.0
87872.0
87869.0
87865.0
87861.0
87857.0
87852.0
87848.0
87844.0
87839.0
87835.0
87831.0
87827.0
87823.0
87819.0
87815.0
87811.0
87807.0
87803.0
87799.0
87795.0
87792.0
87788.0
87785.0
87781.0
87778.0
87775.0
87772.0
87768.0
87765.0
87762.0
87760.0
87757.0
87754.0
87752.0
87749.0
87747.0
87745.0
87743.0
87741.0
87740.0
87739.0
87738.0
87737.0
87736.0
87735.0
87735.0
87734.0
87734.0
87734.0
87735.0
87735.0
87736.0
87736.0
87737.0
87738.0
87739.0
87740.0
87742.0
87743.0
87744.0
87746.0
87747.0
87748.0
87750.0
87751.0
87752.0
87753.0
87754.0
87755.0
87756.0
87757.0
87758.0
87759.0
87760.0
87761.0
87761.0
87762.0
87763.0
87764.0
87765.0
87766.0
87767.0
87768.0
87768.0
87769.0
87770.0
87770.0
87770.0
87770.0
87770.0
87770.0
87769.0
87769.0
87768.0
87767.0
87766.0
87765.0
87764.0
87762.0
87761.0
87760.0
87758.0
87756.0
87754.0
87752.0
87750.0
87748.0
87746.0
87744.0
87741.0
87739.0
87736.0
87733.0
87731.0
87728.0
87726.0
87723.0
87721.0
87718.0
87716.0
87713.0
87710.0
87707.0
87704.0
87702.0
87700.0
87697.0
87695.0
87693.0
87691.0
87688.0
87686.0
87684.0
87682.0
87681.0
87679.0
87678.0
87677.0
87675.0
87674.0
87673.0
87673.0
87672.0
87671.0
87670.0
87670.0
87669.0
87669.0
87669.0
87669.0
87669.0
87669.0
87668.0
87669.0
87669.0
87669.0
87669.0
87670.0
87671.0
87671.0
87672.0
87673.0
87674.0
87675.0
87676.0
87677.0
87678.0
87679.0
87680.0
87682.0
87684.0
87686.0
87687.0
87689.0
87691.0
87693.0
87694.0
87696.0
87697.0
87698.0
87699.0
87700.0
87701.0
87701.0
87702.0
87702.0
87702.0
87702.0
87702.0
87702.0
87702.0
87701.0
87701.0
87700.0
87699.0
87698.0
87697.0
87696.0
87695.0
87694.0
87693.0
87693.0
87692.0
87692.0
87691.0
87690.0
87690.0
87689.0
87688.0
87687.0
87686.0
87685.0
87684.0
87683.0
87682.0
87682.0
87681.0
87680.0
87679.0
87678.0
87677.0
87676.0
87675.0
87674.0
87673.0
87672.0
87671.0
87670.0
87669.0
87669.0
87668.0
87668.0
87667.0
87667.0
87667.0
87667.0
87667.0
87668.0
87668.0
87668.0
87669.0
87669.0
87669.0
87670.0
87670.0
87670.0
87671.0
87671.0
87672.0
87672.0
87673.0
87673.0
87673.0
87674.0
87674.0
87674.0
87674.0
87675.0
87675.0
87675.0
87675.0
87674.0
87674.0
87674.0
87674.0
87675.0
87675.0
87675.0
87676.0
87677.0
87677.0
87677.0
87678.0
87679.0
87680.0
87681.0
87683.0
87685.0
87687.0
87690.0
87693.0
87695.0
87698.0
87701.0
87704.0
87707.0
87709.0
87711.0
87712.0
87713.0
87713.0
87713.0
87712.0
87711.0
87709.0
87708.0
87706.0
87703.0
87700.0
87698.0
87695.0
87691.0
87688.0
87684.0
87681.0
87678.0
87674.0
87671.0
87667.0
87664.0
87660.0
87657.0
87654.0
87651.0
87648.0
87645.0
87643.0
87640.0
87638.0
87636.0
87634.0
87632.0
87630.0
87628.0
87627.0
87626.0
87625.0
87624.0
87623.0
87623.0
87623.0
87623.0
87623.0
87623.0
87624.0
87625.0
87625.0
87627.0
87628.0
87629.0
87631.0
87633.0
87635.0
87637.0
87639.0
87641.0
87644.0
87646.0
87648.0
87651.0
87653.0
87655.0
87658.0
87660.0
87662.0
87665.0
87667.0
87669.0
87671.0
87673.0
87675.0
87677.0
87679.0
87681.0
87683.0
87685.0
87686.0
87688.0
87689.0
87690.0
87692.0
87693.0
87694.0
87696.0
87697.0
87699.0
87700.0
87702.0
87704.0
87706.0
87708.0
87710.0
87712.0
87715.0
87717.0
87720.0
87722.0
87724.0
87726.0
87728.0
87730.0
87732.0
87734.0
87736.0
87738.0
87740.0
87742.0
87744.0
87745.0
87747.0
87749.0
87751.0
87753.0
87755.0
87757.0
87758.0
87760.0
87761.0
87763.0
87764.0
87765.0
87766.0
87768.0
87768.0
87769.0
87770.0
87770.0
87771.0
87771.0
87771.0
87772.0
87772.0
87772.0
87773.0
87773.0
87773.0
87774.0
87775.0
87777.0
87779.0
87782.0
87785.0
87789.0
87793.0
87797.0
87801.0
87806.0
87810.0
87815.0
87819.0
87824.0
87829.0
87833.0
87837.0
87841.0
87844.0
87847.0
87850.0
87852.0
87855.0
87857.0
87859.0
87861.0
87864.0
87866.0
87868.0
87870.0
87871.0
87873.0
87874.0
87875.0
87877.0
87877.0
87878.0
87878.0
87878.0
87878.0
87877.0
87876.0
87875.0
87873.0
87871.0
87868.0
87866.0
87863.0
87860.0
87857.0
87854.0
87851.0
87848.0
87845.0
87842.0
87839.0
87836.0
87833.0
87830.0
87827.0
87825.0
87822.0
87819.0
87815.0
87812.0
87809.0
87807.0
87804.0
87802.0
87801.0
87799.0
87798.0
87797.0
87796.0
87796.0
87796.0
87796.0
87796.0
87796.0
87797.0
87797.0
87798.0
87798.0
87798.0
87799.0
87799.0
87800.0
87800.0
87801.0
87801.0
87802.0
87803.0
87804.0
87805.0
87806.0
87806.0
87807.0
87808.0
87808.0
87809.0
87809.0
87809.0
87810.0
87810.0
87810.0
87811.0
87811.0
87811.0
87811.0
87811.0
87811.0
87811.0
87810.0
87810.0
87809.0
87809.0
87808.0
87808.0
87808.0
87807.0
87806.0
87806.0
87805.0
87804.0
87804.0
87803.0
87803.0
87802.0
87802.0
87801.0
87801.0
87801.0
87801.0
87802.0
87802.0
87803.0
87803.0
87804.0
87804.0
87805.0
87806.0
87807.0
87807.0
87808.0
87809.0
87810.0
87811.0
87812.0
87813.0
87814.0
87815.0
87816.0
87816.0
87817.0
87817.0
87817.0
87818.0
87818.0
87818.0
87819.0
87820.0
87821.0
87822.0
87823.0
87824.0
87825.0
87825.0
87826.0
87826.0
87827.0
87827.0
87828.0
87829.0
87831.0
87832.0
87833.0
87835.0
87836.0
87836.0
87837.0
87837.0
87837.0
87838.0
87838.0
87838.0
87838.0
87838.0
87837.0
87837.0
87835.0
87834.0
87833.0
87831.0
87830.0
87828.0
87827.0
87826.0
87824.0
87823.0
87821.0
87820.0
87818.0
87816.0
87814.0
87812.0
87810.0
87808.0
87806.0
87805.0
87803.0
87801.0
87799.0
87796.0
87794.0
87791.0
87789.0
87786.0
87784.0
87782.0
87780.0
87778.0
87776.0
87774.0
87771.0
87769.0
87768.0
87766.0
87765.0
87763.0
87763.0
87762.0
87762.0
87762.0
87761.0
87761.0
87761.0
87761.0
87761.0
87761.0
87762.0
87763.0
87764.0
87766.0
87767.0
87769.0
87771.0
87772.0
87774.0
87776.0
87778.0
87780.0
87782.0
87784.0
87786.0
87787.0
87790.0
87792.0
87794.0
87796.0
87798.0
87799.0
87801.0
87802.0
87802.0
87803.0
87803.0
87804.0
87803.0
87803.0
87802.0
87801.0
87800.0
87799.0
87798.0
87797.0
87797.0
87797.0
87799.0
87800.0
87802.0
87804.0
87806.0
87809.0
87811.0
87813.0
87814.0
87815.0
87816.0
87816.0
87815.0
87814.0
87813.0
87811.0
87808.0
87804.0
87800.0
87795.0
87790.0
87784.0
87778.0
87771.0
87764.0
87756.0
87749.0
87741.0
87734.0
87726.0
87718.0
87709.0
87701.0
87693.0
87685.0
87677.0
87669.0
87662.0
87654.0
87647.0
87639.0
87632.0
87625.0
87618.0
87611.0
87605.0
87598.0
87592.0
87587.0
87581.0
87576.0
87571.0
87566.0
87561.0
87557.0
87552.0
87548.0
87544.0
87540.0
87536.0
87532.0
87528.0
87524.0
87520.0
87516.0
87513.0
87509.0
87505.0
87501.0
87497.0
87494.0
87490.0
87487.0
87483.0
87480.0
87476.0
87473.0
87470.0
87467.0
87464.0
87461.0
87457.0
87454.0
87451.0
87448.0
87445.0
87442.0
87439.0
87436.0
87432.0
87429.0
87425.0
87422.0
87419.0
87416.0
87414.0
87412.0
87411.0
87409.0
87408.0
87407.0
87406.0
87405.0
87403.0
87402.0
87401.0
87400.0
87399.0
87398.0
87398.0
87398.0
87398.0
87398.0
87399.0
87400.0
87400.0
87401.0
87402.0
87402.0
87403.0
87405.0
87406.0
87407.0
87409.0
87411.0
87413.0
87415.0
87418.0
87421.0
87425.0
87428.0
87433.0
87437.0
87442.0
87448.0
87454.0
87460.0
87466.0
87472.0
87477.0
87483.0
87488.0
87493.0
87498.0
87503.0
87508.0
87513.0
87517.0
87522.0
87527.0
87531.0
87535.0
87539.0
87543.0
87546.0
87549.0
87552.0
87555.0
87558.0
87561.0
87564.0
87568.0
87572.0
87577.0
87582.0
87587.0
87593.0
87600.0
87606.0
87612.0
87618.0
87624.0
87630.0
87636.0
87642.0
87648.0
87653.0
87659.0
87664.0
87668.0
87672.0
87676.0
87679.0
87682.0
87685.0
87687.0
87689.0
87690.0
87691.0
87692.0
87692.0
87692.0
87692.0
87692.0
87693.0
87693.0
87693.0
87693.0
87693.0
87693.0
87693.0
87693.0
87693.0
87692.0
87692.0
87692.0
87693.0
87693.0
87693.0
87693.0
87694.0
87695.0
87696.0
87698.0
87700.0
87702.0
87704.0
87707.0
87709.0
87712.0
87714.0
87716.0
87718.0
87721.0
87723.0
87726.0
87729.0
87732.0
87734.0
87737.0
87739.0
87742.0
87744.0
87746.0
87748.0
87751.0
87754.0
87757.0
87760.0
87763.0
87766.0
87769.0
87771.0
87774.0
87777.0
87780.0
87783.0
87786.0
87788.0
87790.0
87792.0
87795.0
87797.0
87799.0
87802.0
87804.0
87806.0
87808.0
87810.0
87811.0
87812.0
87812.0
87813.0
87814.0
87814.0
87815.0
87815.0
87816.0
87816.0
87816.0
87816.0
87815.0
87814.0
87813.0
87812.0
87810.0
87808.0
87807.0
87804.0
87802.0
87799.0
87796.0
87793.0
87790.0
87786.0
87783.0
87780.0
87777.0
87775.0
87772.0
87769.0
87767.0
87765.0
87762.0
87760.0
87758.0
87756.0
87754.0
87752.0
87751.0
87751.0
87750.0
87751.0
87751.0
87753.0
87754.0
87756.0
87759.0
87762.0
87765.0
87769.0
87773.0
87778.0
87783.0
87790.0
87797.0
87805.0
87814.0
87823.0
87833.0
87844.0
87855.0
87867.0
87879.0
87892.0
87905.0
87919.0
87933.0
87949.0
87965.0
87982.0
87999.0
88017.0
88036.0
88055.0
88074.0
88094.0
88114.0
88134.0
88155.0
88175.0
88195.0
88216.0
88236.0
88256.0
88275.0
88294.0
88313.0
88331.0
88349.0
88366.0
88383.0
88399.0
88415.0
88430.0
88445.0
88460.0
88474.0
88489.0
88502.0
88516.0
88529.0
88542.0
88555.0
88567.0
88579.0
88591.0
88602.0
88613.0
88623.0
88632.0
88642.0
88650.0
88659.0
88667.0
88674.0
88681.0
88688.0
88694.0
88701.0
88706.0
88711.0
88716.0
88720.0
88724.0
88727.0
88729.0
88731.0
88733.0
88734.0
88735.0
88736.0
88737.0
88738.0
88738.0
88739.0
88739.0
88739.0
88739.0
88739.0
88739.0
88739.0
88738.0
88737.0
88735.0
88733.0
88730.0
88726.0
88722.0
88718.0
88714.0
88710.0
88706.0
88702.0
88698.0
88694.0
88690.0
88686.0
88682.0
88678.0
88674.0
88670.0
88666.0
88662.0
88657.0
88652.0
88647.0
88640.0
88634.0
88626.0
88619.0
88611.0
88604.0
88596.0
