85292.0
85289.0
85287.0
85285.0
85283.0
85281.0
85279.0
85278.0
85276.0
85275.0
85273.0
85272.0
85271.0
85270.0
85269.0
85269.0
85268.0
85268.0
85268.0
85268.0
85269.0
85269.0
85270.0
85271.0
85272.0
85273.0
85274.0
85275.0
85276.0
85278.0
85279.0
85281.0
85282.0
85284.0
85285.0
85287.0
85288.0
85290.0
85291.0
85292.0
85293.0
85294.0
85295.0
85295.0
85296.0
85296.0
85295.0
85295.0
85294.0
85293.0
85292.0
85290.0
85288.0
85286.0
85284.0
85282.0
85280.0
85277.0
85275.0
85272.0
85270.0
85267.0
85264.0
85261.0
85258.0
85255.0
85251.0
85248.0
85244.0
85240.0
85236.0
85232.0
85228.0
85224.0
85220.0
85216.0
85212.0
85208.0
85204.0
85200.0
85197.0
85193.0
85189.0
85185.0
85182.0
85178.0
85174.0
85171.0
85167.0
85163.0
85160.0
85156.0
85152.0
85148.0
85144.0
85140.0
85135.0
85131.0
85127.0
85122.0
85118.0
85113.0
85109.0
85104.0
85100.0
85095.0
85090.0
85086.0
85081.0
85076.0
85071.0
85066.0
85062.0
85057.0
85052.0
85047.0
85042.0
85038.0
85033.0
85029.0
85024.0
85020.0
85016.0
85012.0
85008.0
85005.0
85001.0
84998.0
84995.0
84992.0
84990.0
84988.0
84986.0
84984.0
84982.0
84980.0
84979.0
84978.0
84977.0
84976.0
84975.0
84975.0
84974.0
84974.0
84974.0
84974.0
84974.0
84973.0
84973.0
84973.0
84973.0
84973.0
84973.0
84973.0
84972.0
84972.0
84972.0
84971.0
84971.0
84971.0
84970.0
84970.0
84970.0
84969.0
84969.0
84969.0
84969.0
84969.0
84968.0
84968.0
84969.0
84969.0
84969.0
84969.0
84969.0
84969.0
84970.0
84970.0
84970.0
84970.0
84970.0
84971.0
84971.0
84971.0
84972.0
84972.0
84973.0
84973.0
84973.0
84974.0
84974.0
84975.0
84975.0
84975.0
84976.0
84976.0
84976.0
84976.0
84976.0
84976.0
84975.0
84975.0
84975.0
84974.0
84974.0
84973.0
84972.0
84972.0
84971.0
84970.0
84969.0
84968.0
84968.0
84967.0
84966.0
84965.0
84965.0
84964.0
84964.0
84964.0
84963.0
84963.0
84963.0
84963.0
84963.0
84963.0
84963.0
84963.0
84963.0
84964.0
84964.0
84965.0
84965.0
84966.0
84966.0
84967.0
84967.0
84968.0
84968.0
84969.0
84969.0
84969.0
84970.0
84970.0
84970.0
84971.0
84971.0
84972.0
84972.0
84972.0
84973.0
84973.0
84974.0
84975.0
84975.0
84976.0
84977.0
84978.0
84980.0
84981.0
84982.0
84983.0
84984.0
84985.0
84987.0
84988.0
84988.0
84989.0
84990.0
84991.0
84991.0
84992.0
84992.0
84993.0
84993.0
84993.0
84993.0
84992.0
84992.0
84992.0
84991.0
84990.0
84989.0
84988.0
84987.0
84986.0
84985.0
84983.0
84982.0
84980.0
84978.0
84977.0
84975.0
84972.0
84970.0
84968.0
84965.0
84962.0
84960.0
84957.0
84955.0
84952.0
84950.0
84947.0
84945.0
84943.0
84941.0
84939.0
84937.0
84935.0
84933.0
84931.0
84928.0
84926.0
84924.0
84922.0
84919.0
84917.0
84915.0
84912.0
84910.0
84907.0
84904.0
84902.0
84899.0
84896.0
84893.0
84891.0
84888.0
84886.0
84883.0
84881.0
84879.0
84877.0
84875.0
84873.0
84871.0
84869.0
84868.0
84866.0
84865.0
84863.0
84862.0
84860.0
84859.0
84857.0
84856.0
84855.0
84853.0
84852.0
84850.0
84849.0
84847.0
84846.0
84844.0
84842.0
84841.0
84839.0
84837.0
84836.0
84834.0
84833.0
84831.0
84829.0
84828.0
84826.0
84825.0
84823.0
84821.0
84820.0
84818.0
84817.0
84815.0
84814.0
84812.0
84811.0
84810.0
84808.0
84807.0
84806.0
84805.0
84803.0
84802.0
84801.0
84800.0
84799.0
84798.0
84797.0
84795.0
84794.0
84793.0
84792.0
84791.0
84790.0
84788.0
84787.0
84786.0
84785.0
84783.0
84782.0
84780.0
84779.0
84777.0
84776.0
84774.0
84773.0
84771.0
84770.0
84768.0
84767.0
84766.0
84765.0
84764.0
84763.0
84762.0
84761.0
84760.0
84759.0
84759.0
84758.0
84758.0
84758.0
84757.0
84757.0
84757.0
84757.0
84756.0
84756.0
84756.0
84756.0
84756.0
84756.0
84756.0
84756.0
84756.0
84756.0
84756.0
84756.0
84756.0
84756.0
84756.0
84756.0
84756.0
84756.0
84755.0
84755.0
84755.0
84755.0
84754.0
84754.0
84754.0
84754.0
84753.0
84753.0
84753.0
84753.0
84752.0
84752.0
84752.0
84751.0
84751.0
84750.0
84750.0
84749.0
84749.0
84748.0
84748.0
84747.0
84746.0
84746.0
84745.0
84744.0
84744.0
84743.0
84742.0
84742.0
84741.0
84740.0
84739.0
84739.0
84738.0
84737.0
84736.0
84735.0
84734.0
84733.0
84732.0
84731.0
84729.0
84728.0
84727.0
84726.0
84725.0
84724.0
84722.0
84721.0
84721.0
84720.0
84719.0
84718.0
84718.0
84717.0
84717.0
84717.0
84717.0
84717.0
84717.0
84717.0
84717.0
84717.0
84717.0
84717.0
84717.0
84718.0
84718.0
84718.0
84718.0
84718.0
84718.0
84717.0
84717.0
84717.0
84717.0
84716.0
84716.0
84716.0
84715.0
84715.0
84715.0
84714.0
84714.0
84713.0
84713.0
84712.0
84711.0
84711.0
84710.0
84709.0
84709.0
84708.0
84707.0
84706.0
84705.0
84704.0
84703.0
84702.0
84700.0
84699.0
84698.0
84696.0
84695.0
84693.0
84692.0
84690.0
84689.0
84687.0
84686.0
84684.0
84682.0
84681.0
84679.0
84677.0
84675.0
84674.0
84672.0
84670.0
84668.0
84666.0
84664.0
84662.0
84659.0
84657.0
84655.0
84653.0
84651.0
84648.0
84646.0
84644.0
84643.0
84641.0
84639.0
84637.0
84636.0
84635.0
84633.0
84632.0
84631.0
84630.0
84629.0
84627.0
84626.0
84625.0
84624.0
84623.0
84622.0
84621.0
84620.0
84619.0
84618.0
84617.0
84615.0
84614.0
84613.0
84612.0
84610.0
84609.0
84608.0
84606.0
84605.0
84604.0
84602.0
84601.0
84600.0
84598.0
84597.0
84595.0
84594.0
84593.0
84591.0
84590.0
84589.0
84588.0
84586.0
84585.0
84583.0
84582.0
84581.0
84579.0
84578.0
84576.0
84575.0
84574.0
84572.0
84571.0
84570.0
84568.0
84567.0
84566.0
84564.0
84563.0
84561.0
84560.0
84559.0
84557.0
84556.0
84554.0
84553.0
84551.0
84550.0
84548.0
84546.0
84545.0
84543.0
84541.0
84540.0
84538.0
84537.0
84536.0
84534.0
84533.0
84532.0
84531.0
84530.0
84529.0
84528.0
84527.0
84526.0
84526.0
84525.0
84524.0
84524.0
84523.0
84523.0
84522.0
84521.0
84521.0
84520.0
84519.0
84519.0
84518.0
84517.0
84516.0
84516.0
84515.0
84514.0
84513.0
84512.0
84512.0
84511.0
84510.0
84509.0
84509.0
84508.0
84507.0
84506.0
84506.0
84505.0
84504.0
84504.0
84503.0
84502.0
84501.0
84501.0
84500.0
84499.0
84498.0
84497.0
84496.0
84496.0
84495.0
84494.0
84493.0
84492.0
84491.0
84490.0
84489.0
84488.0
84487.0
84486.0
84485.0
84484.0
84483.0
84483.0
84482.0
84481.0
84480.0
84479.0
84478.0
84478.0
84477.0
84476.0
84475.0
84474.0
84474.0
84473.0
84472.0
84471.0
84470.0
84469.0
84467.0
84466.0
84465.0
84464.0
84463.0
84462.0
84461.0
84460.0
84459.0
84458.0
84457.0
84456.0
84456.0
84455.0
84454.0
84454.0
84453.0
84452.0
84452.0
84451.0
84451.0
84450.0
84450.0
84449.0
84449.0
84448.0
84448.0
84447.0
84447.0
84447.0
84446.0
84446.0
84445.0
84445.0
84444.0
84444.0
84443.0
84443.0
84443.0
84442.0
84442.0
84442.0
84441.0
84441.0
84441.0
84440.0
84440.0
84440.0
84440.0
84440.0
84439.0
84439.0
84439.0
84439.0
84439.0
84439.0
84439.0
84439.0
84438.0
84438.0
84438.0
84438.0
84438.0
84438.0
84438.0
84438.0
84438.0
84438.0
84438.0
84438.0
84438.0
84438.0
84437.0
84437.0
84437.0
84437.0
84437.0
84437.0
84436.0
84436.0
84436.0
84436.0
84435.0
84435.0
84434.0
84434.0
84433.0
84433.0
84432.0
84431.0
84431.0
84430.0
84430.0
84429.0
84429.0
84428.0
84428.0
84428.0
84428.0
84427.0
84427.0
84427.0
84427.0
84428.0
84428.0
84428.0
84428.0
84429.0
84429.0
84429.0
84429.0
84429.0
84430.0
84430.0
84430.0
84430.0
84430.0
84430.0
84430.0
84430.0
84430.0
84430.0
84429.0
84429.0
84429.0
84429.0
84428.0
84428.0
84427.0
84427.0
84426.0
84426.0
84425.0
84425.0
84424.0
84423.0
84423.0
84422.0
84421.0
84420.0
84419.0
84419.0
84418.0
84417.0
84415.0
84414.0
84413.0
84412.0
84410.0
84409.0
84408.0
84406.0
84405.0
84404.0
84402.0
84401.0
84399.0
84398.0
84396.0
84394.0
84393.0
84391.0
84390.0
84388.0
84386.0
84385.0
84383.0
84381.0
84379.0
84377.0
84375.0
84373.0
84371.0
84369.0
84367.0
84365.0
84364.0
84362.0
84360.0
84359.0
84357.0
84356.0
84354.0
84353.0
84352.0
84351.0
84349.0
84348.0
84347.0
84346.0
84345.0
84344.0
84343.0
84341.0
84340.0
84339.0
84338.0
84337.0
84335.0
84334.0
84333.0
84331.0
84330.0
84328.0
84327.0
84325.0
84324.0
84322.0
84321.0
84319.0
84317.0
84316.0
84314.0
84313.0
84311.0
84310.0
84308.0
84307.0
84305.0
84304.0
84302.0
84301.0
84299.0
84298.0
84296.0
84295.0
84293.0
84292.0
84290.0
84289.0
84287.0
84286.0
84284.0
84283.0
84281.0
84280.0
84278.0
84277.0
84276.0
84274.0
84273.0
84271.0
84270.0
84269.0
84268.0
84266.0
84265.0
84264.0
84263.0
84262.0
84261.0
84260.0
84260.0
84259.0
84258.0
84257.0
84256.0
84255.0
84254.0
84253.0
84251.0
84250.0
84249.0
84248.0
84247.0
84246.0
84245.0
84244.0
84244.0
84243.0
84242.0
84241.0
84240.0
84239.0
84238.0
84238.0
84237.0
84237.0
84236.0
84236.0
84235.0
84234.0
84234.0
84233.0
84233.0
84232.0
84231.0
84231.0
84230.0
84230.0
84229.0
84229.0
84228.0
84228.0
84228.0
84227.0
84227.0
84227.0
84227.0
84226.0
84226.0
84226.0
84226.0
84226.0
84226.0
84226.0
84226.0
84226.0
84225.0
84225.0
84225.0
84225.0
84225.0
84225.0
84225.0
84225.0
84225.0
84225.0
84224.0
84224.0
84224.0
84224.0
84223.0
84223.0
84223.0
84222.0
84222.0
84221.0
84221.0
84221.0
84220.0
84220.0
84219.0
84219.0
84218.0
84218.0
84217.0
84217.0
84216.0
84216.0
84215.0
84215.0
84214.0
84214.0
84213.0
84212.0
84211.0
84211.0
84210.0
84209.0
84208.0
84207.0
84205.0
84204.0
84203.0
84202.0
84201.0
84200.0
84199.0
84198.0
84197.0
84196.0
84195.0
84194.0
84194.0
84193.0
84193.0
84192.0
84192.0
84191.0
84191.0
84191.0
84190.0
84190.0
84190.0
84190.0
84189.0
84189.0
84189.0
84188.0
84188.0
84188.0
84187.0
84187.0
84187.0
84187.0
84186.0
84186.0
84186.0
84186.0
84186.0
84186.0
84186.0
84186.0
84186.0
84187.0
84187.0
84187.0
84187.0
84187.0
84187.0
84188.0
84188.0
84188.0
84188.0
84188.0
84188.0
84189.0
84189.0
84189.0
84189.0
84189.0
84189.0
84189.0
84189.0
84190.0
84190.0
84190.0
84190.0
84191.0
84191.0
84191.0
84192.0
84192.0
84193.0
84193.0
84193.0
84194.0
84194.0
84195.0
84195.0
84195.0
84196.0
84196.0
84196.0
84196.0
84196.0
84196.0
84195.0
84195.0
84195.0
84194.0
84194.0
84193.0
84193.0
84192.0
84192.0
84191.0
84191.0
84191.0
84190.0
84190.0
84189.0
84189.0
84188.0
84188.0
84188.0
84187.0
84187.0
84187.0
84186.0
84186.0
84185.0
84185.0
84184.0
84184.0
84183.0
84182.0
84182.0
84181.0
84180.0
84179.0
84177.0
84176.0
84175.0
84174.0
84173.0
84172.0
84171.0
84170.0
84169.0
84168.0
84167.0
84166.0
84164.0
84163.0
84162.0
84161.0
84160.0
84158.0
84157.0
84156.0
84155.0
84153.0
84152.0
84151.0
84150.0
84148.0
84147.0
84146.0
84145.0
84144.0
84143.0
84142.0
84141.0
84140.0
84139.0
84137.0
84136.0
84136.0
84135.0
84134.0
84133.0
84132.0
84131.0
84130.0
84129.0
84128.0
84127.0
84126.0
84125.0
84124.0
84123.0
84122.0
84121.0
84120.0
84119.0
84118.0
84117.0
84115.0
84114.0
84112.0
84111.0
84109.0
84108.0
84106.0
84104.0
84103.0
84101.0
84100.0
84098.0
84097.0
84095.0
84094.0
84092.0
84091.0
84090.0
84088.0
84087.0
84086.0
84085.0
84083.0
84082.0
84081.0
84080.0
84079.0
84078.0
84077.0
84076.0
84075.0
84074.0
84073.0
84072.0
84071.0
84070.0
84070.0
84069.0
84068.0
84068.0
84067.0
84067.0
84066.0
84066.0
84066.0
84065.0
84065.0
84065.0
84064.0
84064.0
84064.0
84063.0
84063.0
84063.0
84063.0
84062.0
84062.0
84062.0
84061.0
84061.0
84061.0
84061.0
84060.0
84060.0
84060.0
84060.0
84059.0
84059.0
84059.0
84058.0
84058.0
84058.0
84057.0
84057.0
84056.0
84056.0
84056.0
84055.0
84055.0
84054.0
84054.0
84054.0
84053.0
84053.0
84053.0
84052.0
84052.0
84051.0
84051.0
84050.0
84050.0
84049.0
84049.0
84048.0
84047.0
84047.0
84046.0
84045.0
84044.0
84043.0
84042.0
84041.0
84040.0
84039.0
84038.0
84037.0
84036.0
84035.0
84035.0
84034.0
84033.0
84033.0
84032.0
84032.0
84031.0
84031.0
84031.0
84030.0
84030.0
84030.0
84030.0
84029.0
84029.0
84029.0
84029.0
84029.0
84029.0
84029.0
84029.0
84029.0
84029.0
84029.0
84029.0
84029.0
84029.0
84030.0
84030.0
84030.0
84030.0
84031.0
84031.0
84032.0
84032.0
84032.0
84033.0
84033.0
84034.0
84034.0
84035.0
84035.0
84035.0
84036.0
84036.0
84036.0
84037.0
84037.0
84037.0
84037.0
84037.0
84037.0
84038.0
84038.0
84038.0
84038.0
84038.0
84038.0
84037.0
84037.0
84037.0
84037.0
84036.0
84036.0
84036.0
84035.0
84035.0
84034.0
84033.0
84033.0
84032.0
84031.0
84030.0
84030.0
84029.0
84028.0
84027.0
84026.0
84025.0
84024.0
84022.0
84021.0
84020.0
84018.0
84017.0
84016.0
84014.0
84013.0
84011.0
84010.0
84009.0
84007.0
84006.0
84005.0
84004.0
84002.0
84001.0
84000.0
83999.0
83998.0
83997.0
83996.0
83995.0
83994.0
83993.0
83992.0
83991.0
83990.0
83989.0
83988.0
83986.0
83985.0
83984.0
83983.0
83982.0
83981.0
83980.0
83979.0
83979.0
83978.0
83977.0
83976.0
83975.0
83975.0
83974.0
83973.0
83972.0
83972.0
83971.0
83970.0
83969.0
83969.0
83968.0
83967.0
83967.0
83966.0
83965.0
83965.0
83964.0
83964.0
83963.0
83963.0
83962.0
83962.0
83961.0
83961.0
83961.0
83960.0
83960.0
83959.0
83959.0
83959.0
83958.0
83958.0
83958.0
83957.0
83957.0
83956.0
83956.0
83955.0
83955.0
83954.0
83953.0
83953.0
83952.0
83951.0
83950.0
83949.0
83948.0
83947.0
83946.0
83945.0
83943.0
83942.0
83941.0
83940.0
83938.0
83937.0
83936.0
83935.0
83934.0
83933.0
83932.0
83931.0
83930.0
83929.0
83928.0
83927.0
83926.0
83925.0
83924.0
83923.0
83923.0
83922.0
83921.0
83921.0
83920.0
83919.0
83918.0
83918.0
83917.0
83916.0
83916.0
83915.0
83915.0
83914.0
83914.0
83914.0
83914.0
83913.0
83913.0
83913.0
83913.0
83914.0
83914.0
83914.0
83914.0
83914.0
83914.0
83914.0
83915.0
83915.0
83915.0
83915.0
83916.0
83916.0
83916.0
83916.0
83917.0
83917.0
83917.0
83917.0
83917.0
83917.0
83917.0
83918.0
83918.0
83918.0
83918.0
83918.0
83918.0
83918.0
83918.0
83918.0
83918.0
83918.0
83918.0
83918.0
83918.0
83918.0
83918.0
83917.0
83917.0
83917.0
83917.0
83917.0
83917.0
83916.0
83916.0
83915.0
83915.0
83914.0
83913.0
83913.0
83912.0
83911.0
83910.0
83909.0
83908.0
83907.0
83906.0
83905.0
83904.0
83903.0
83902.0
83901.0
83900.0
83899.0
83898.0
83897.0
83896.0
83895.0
83894.0
83894.0
83893.0
83893.0
83892.0
83891.0
83891.0
83890.0
83890.0
83889.0
83889.0
83888.0
83888.0
83888.0
83887.0
83887.0
83887.0
83887.0
83887.0
83887.0
83887.0
83888.0
83888.0
83888.0
83888.0
83889.0
83889.0
83889.0
83889.0
83890.0
83890.0
83891.0
83891.0
83891.0
83891.0
83892.0
83892.0
83892.0
83892.0
83892.0
83892.0
83893.0
83893.0
83893.0
83893.0
83893.0
83893.0
83893.0
83893.0
83893.0
83893.0
83893.0
83893.0
83893.0
83893.0
83893.0
83893.0
83893.0
83893.0
83893.0
83893.0
83892.0
83892.0
83892.0
83892.0
83891.0
83891.0
83891.0
83890.0
83890.0
83889.0
83888.0
83888.0
83887.0
83886.0
83886.0
83885.0
83884.0
83883.0
83883.0
83882.0
83881.0
83881.0
83880.0
83879.0
83879.0
83878.0
83878.0
83878.0
83877.0
83877.0
83877.0
83876.0
83876.0
83876.0
83876.0
83875.0
83875.0
83875.0
83875.0
83875.0
83874.0
83874.0
83874.0
83874.0
83874.0
83873.0
83873.0
83873.0
83873.0
83873.0
83873.0
83873.0
83873.0
83873.0
83873.0
83872.0
83872.0
83872.0
83871.0
83871.0
83870.0
83869.0
83869.0
83868.0
83867.0
83867.0
83866.0
83865.0
83865.0
83864.0
83864.0
83863.0
83862.0
83862.0
83861.0
83861.0
83860.0
83860.0
83859.0
83859.0
83859.0
83858.0
83858.0
83858.0
83858.0
83858.0
83858.0
83858.0
83858.0
83859.0
83859.0
83859.0
83860.0
83860.0
83861.0
83861.0
83861.0
83861.0
83862.0
83862.0
83862.0
83862.0
83862.0
83863.0
83863.0
83863.0
83863.0
83863.0
83863.0
83863.0
83863.0
83863.0
83863.0
83863.0
83863.0
83863.0
83863.0
83863.0
83863.0
83863.0
83863.0
83863.0
83863.0
83863.0
83862.0
83862.0
83862.0
83861.0
83861.0
83861.0
83860.0
83860.0
83859.0
83859.0
83858.0
83858.0
83857.0
83857.0
83856.0
83856.0
83855.0
83855.0
83854.0
83854.0
83854.0
83854.0
83853.0
83853.0
83853.0
83853.0
83853.0
83853.0
83853.0
83853.0
83853.0
83853.0
83852.0
83852.0
83852.0
83852.0
83852.0
83853.0
83853.0
83853.0
83853.0
83853.0
83853.0
83853.0
83853.0
83853.0
83853.0
83853.0
83853.0
83853.0
83853.0
83853.0
83853.0
83853.0
83853.0
83853.0
83853.0
83853.0
83853.0
83853.0
83852.0
83852.0
83852.0
83851.0
83851.0
83850.0
83850.0
83849.0
83848.0
83847.0
83847.0
83846.0
83845.0
83844.0
83843.0
83842.0
83840.0
83839.0
83838.0
83837.0
83836.0
83835.0
83834.0
83833.0
83832.0
83831.0
83830.0
83829.0
83829.0
83828.0
83827.0
83826.0
83825.0
83824.0
83823.0
83822.0
83821.0
83820.0
83819.0
83818.0
83817.0
83816.0
83815.0
83814.0
83813.0
83812.0
83812.0
83811.0
83810.0
83810.0
83809.0
83809.0
83808.0
83808.0
83807.0
83807.0
83806.0
83806.0
83806.0
83805.0
83805.0
83805.0
83805.0
83804.0
83804.0
83804.0
83804.0
83804.0
83804.0
83804.0
83804.0
83804.0
83805.0
83805.0
83805.0
83805.0
83806.0
83806.0
83806.0
83806.0
83807.0
83807.0
83807.0
83808.0
83808.0
83808.0
83809.0
83809.0
83809.0
83810.0
83810.0
83810.0
83811.0
83811.0
83811.0
83811.0
83811.0
83811.0
83810.0
83810.0
83810.0
83809.0
83809.0
83808.0
83807.0
83807.0
83806.0
83805.0
83805.0
83804.0
83804.0
83803.0
83802.0
83802.0
83801.0
83801.0
83800.0
83800.0
83799.0
83799.0
83798.0
83798.0
83798.0
83798.0
83797.0
83797.0
83797.0
83796.0
83796.0
83796.0
83796.0
83795.0
83795.0
83795.0
83795.0
83795.0
83795.0
83795.0
83795.0
83795.0
83795.0
83795.0
83795.0
83795.0
83795.0
83795.0
83795.0
83796.0
83796.0
83796.0
83796.0
83796.0
83796.0
83796.0
83796.0
83797.0
83797.0
83797.0
83797.0
83797.0
83797.0
83797.0
83797.0
83797.0
83797.0
83797.0
83797.0
83797.0
83797.0
83796.0
83796.0
83796.0
83796.0
83795.0
83795.0
83795.0
83794.0
83794.0
83793.0
83793.0
83792.0
83792.0
83791.0
83791.0
83790.0
83789.0
83788.0
83788.0
83787.0
83786.0
83785.0
83784.0
83782.0
83781.0
83780.0
83779.0
83777.0
83776.0
83775.0
83773.0
83772.0
83770.0
83769.0
83768.0
83766.0
83765.0
83763.0
83762.0
83761.0
83759.0
83758.0
83757.0
83756.0
83755.0
83754.0
83753.0
83752.0
83751.0
83750.0
83749.0
83748.0
83747.0
83746.0
83744.0
83743.0
83743.0
83742.0
83741.0
83740.0
83739.0
83738.0
83737.0
83737.0
83736.0
83736.0
83735.0
83735.0
83734.0
83734.0
83734.0
83733.0
83733.0
83733.0
83733.0
83733.0
83732.0
83732.0
83732.0
83732.0
83732.0
83732.0
83732.0
83732.0
83732.0
83732.0
83732.0
83732.0
83732.0
83732.0
83732.0
83732.0
83732.0
83732.0
83732.0
83732.0
83732.0
83732.0
83732.0
83732.0
83732.0
83732.0
83731.0
83731.0
83731.0
83731.0
83731.0
83730.0
83730.0
83729.0
83729.0
83728.0
83728.0
83727.0
83726.0
83726.0
83725.0
83724.0
83723.0
83721.0
83720.0
83719.0
83718.0
83716.0
83715.0
83714.0
83713.0
83712.0
83710.0
83709.0
83708.0
83707.0
83706.0
83705.0
83703.0
83702.0
83701.0
83700.0
83699.0
83698.0
83698.0
83697.0
83696.0
83695.0
83694.0
83694.0
83693.0
83692.0
83692.0
83691.0
83690.0
83690.0
83689.0
83689.0
83688.0
83688.0
83688.0
83687.0
83687.0
83687.0
83687.0
83687.0
83687.0
83687.0
83687.0
83687.0
83687.0
83687.0
83687.0
83687.0
83688.0
83688.0
83688.0
83689.0
83689.0
83690.0
83690.0
83690.0
83691.0
83691.0
83692.0
83692.0
83692.0
83693.0
83693.0
83693.0
83694.0
83694.0
83695.0
83695.0
83695.0
83696.0
83696.0
83696.0
83697.0
83697.0
83697.0
83698.0
83698.0
83698.0
83698.0
83698.0
83698.0
83698.0
83698.0
83698.0
83698.0
83697.0
83697.0
83696.0
83696.0
83695.0
83694.0
83694.0
83693.0
83692.0
83691.0
83691.0
83690.0
83689.0
83688.0
83687.0
83687.0
83686.0
83685.0
83684.0
83684.0
83683.0
83682.0
83682.0
83681.0
83681.0
83680.0
83680.0
83679.0
83679.0
83679.0
83678.0
83678.0
83678.0
83677.0
83677.0
83676.0
83676.0
83676.0
83675.0
83675.0
83675.0
83674.0
83674.0
83674.0
83673.0
83673.0
83672.0
83672.0
83671.0
83671.0
83670.0
83669.0
83668.0
83667.0
83666.0
83665.0
83664.0
83662.0
83661.0
83660.0
83659.0
83658.0
83657.0
83656.0
83655.0
83654.0
83653.0
83652.0
83651.0
83650.0
83649.0
83648.0
83647.0
83646.0
83645.0
83645.0
83644.0
83643.0
83643.0
83642.0
83642.0
83641.0
83641.0
83641.0
83640.0
83640.0
83640.0
83640.0
83640.0
83639.0
83639.0
83639.0
83639.0
83639.0
83639.0
83638.0
83638.0
83638.0
83638.0
83637.0
83637.0
83637.0
83636.0
83636.0
83636.0
83636.0
83636.0
83636.0
83636.0
83636.0
83636.0
83636.0
83636.0
83637.0
83637.0
83638.0
83638.0
83639.0
83639.0
83640.0
83640.0
83640.0
83641.0
83641.0
83641.0
83642.0
83642.0
83642.0
83642.0
83642.0
83642.0
83642.0
83642.0
83642.0
83643.0
83643.0
83642.0
83642.0
83642.0
83642.0
83642.0
83642.0
83641.0
83641.0
83641.0
83640.0
83640.0
83639.0
83639.0
83639.0
83638.0
83638.0
83637.0
83637.0
83636.0
83636.0
83635.0
83635.0
83634.0
83634.0
83634.0
83633.0
83633.0
83632.0
83632.0
83631.0
83630.0
83630.0
83629.0
83629.0
83628.0
83627.0
83626.0
83626.0
83625.0
83624.0
83624.0
83623.0
83622.0
83621.0
83620.0
83619.0
83618.0
83617.0
83615.0
83614.0
83612.0
83611.0
83609.0
83608.0
83606.0
83605.0
83603.0
83602.0
83600.0
83599.0
83597.0
83596.0
83594.0
83593.0
83592.0
83590.0
83589.0
83587.0
83586.0
83585.0
83584.0
83583.0
83581.0
83580.0
83579.0
83578.0
83577.0
83576.0
83575.0
83573.0
83572.0
83571.0
83570.0
83569.0
83568.0
83567.0
83567.0
83566.0
83565.0
83565.0
83564.0
83564.0
83563.0
83563.0
83563.0
83562.0
83562.0
83562.0
83562.0
83562.0
83561.0
83561.0
83561.0
83561.0
83561.0
83561.0
83561.0
83561.0
83561.0
83562.0
83562.0
83562.0
83562.0
83562.0
83562.0
83562.0
83562.0
83562.0
83562.0
83562.0
83562.0
83563.0
83563.0
83563.0
83563.0
83563.0
83563.0
83564.0
83564.0
83564.0
83564.0
83564.0
83564.0
83564.0
83564.0
83564.0
83564.0
83564.0
83564.0
83563.0
83563.0
83562.0
83562.0
83561.0
83560.0
83560.0
83559.0
83558.0
83557.0
83556.0
83556.0
83555.0
83554.0
83553.0
83552.0
83551.0
83550.0
83549.0
83548.0
83548.0
83547.0
83546.0
83546.0
83545.0
83545.0
83544.0
83544.0
83543.0
83543.0
83542.0
83542.0
83541.0
83541.0
83541.0
83540.0
83540.0
83540.0
83540.0
83540.0
83540.0
83540.0
83541.0
83541.0
83541.0
83541.0
83541.0
83541.0
83542.0
83542.0
83542.0
83542.0
83542.0
83543.0
83543.0
83543.0
83543.0
83543.0
83543.0
83544.0
83544.0
83544.0
83544.0
83544.0
83544.0
83544.0
83545.0
83545.0
83545.0
83545.0
83545.0
83545.0
83546.0
83546.0
83546.0
83546.0
83546.0
83545.0
83545.0
83545.0
83545.0
83545.0
83544.0
83544.0
83544.0
83543.0
83543.0
83542.0
83542.0
83541.0
83540.0
83539.0
83538.0
83537.0
83536.0
83535.0
83534.0
83533.0
83532.0
83532.0
83531.0
83530.0
83529.0
83528.0
83527.0
83526.0
83525.0
83524.0
83524.0
83523.0
83522.0
83521.0
83521.0
83520.0
83519.0
83519.0
83518.0
83517.0
83516.0
83516.0
83515.0
83514.0
83513.0
83512.0
83512.0
83511.0
83510.0
83509.0
83509.0
83508.0
83507.0
83507.0
83506.0
83505.0
83505.0
83504.0
83504.0
83503.0
83503.0
83502.0
83502.0
83501.0
83501.0
83501.0
83500.0
83500.0
83500.0
83499.0
83499.0
83499.0
83499.0
83498.0
83498.0
83498.0
83498.0
83498.0
83498.0
83498.0
83498.0
83498.0
83498.0
83498.0
83498.0
83498.0
83498.0
83498.0
83498.0
83498.0
83498.0
83498.0
83498.0
83498.0
83497.0
83497.0
83497.0
83496.0
83496.0
83496.0
83495.0
83494.0
83494.0
83493.0
83493.0
83492.0
83492.0
83491.0
83490.0
83490.0
83489.0
83488.0
83488.0
83487.0
83486.0
83486.0
83485.0
83485.0
83484.0
83483.0
83483.0
83482.0
83482.0
83482.0
83481.0
83481.0
83480.0
83480.0
83479.0
83479.0
83479.0
83479.0
83479.0
83479.0
83479.0
83479.0
83479.0
83479.0
83479.0
83480.0
83480.0
83480.0
83480.0
83481.0
83481.0
83481.0
83482.0
83482.0
83482.0
83482.0
83483.0
83483.0
83484.0
83484.0
83484.0
83485.0
83485.0
83485.0
83486.0
83486.0
83487.0
83487.0
83487.0
83488.0
83488.0
83489.0
83489.0
83489.0
83490.0
83490.0
83491.0
83491.0
83491.0
83492.0
83492.0
83492.0
83492.0
83492.0
83493.0
83493.0
83493.0
83493.0
83493.0
83493.0
83493.0
83493.0
83492.0
83492.0
83491.0
83490.0
83490.0
83489.0
83488.0
83487.0
83486.0
83486.0
83485.0
83484.0
83483.0
83483.0
83482.0
83481.0
83481.0
83480.0
83479.0
83479.0
83479.0
83478.0
83478.0
83477.0
83477.0
83477.0
83477.0
83477.0
83477.0
83477.0
83477.0
83477.0
83477.0
83477.0
83477.0
83478.0
83478.0
83478.0
83479.0
83479.0
83479.0
83480.0
83480.0
83481.0
83482.0
83482.0
83483.0
83484.0
83485.0
83485.0
83486.0
83487.0
83488.0
83488.0
83489.0
83490.0
83490.0
83491.0
83492.0
83492.0
83493.0
83493.0
83494.0
83495.0
83495.0
83496.0
83496.0
83497.0
83497.0
83498.0
83498.0
83499.0
83499.0
83500.0
83500.0
83500.0
83501.0
83501.0
83501.0
83502.0
83502.0
83502.0
83502.0
83503.0
83503.0
83503.0
83503.0
83503.0
83502.0
83502.0
83502.0
83502.0
83501.0
83501.0
83500.0
83500.0
83499.0
83499.0
83499.0
83498.0
83498.0
83497.0
83497.0
83496.0
83496.0
83496.0
83495.0
83495.0
83495.0
83495.0
83495.0
83495.0
83494.0
83494.0
83494.0
83494.0
83493.0
83493.0
83492.0
83491.0
83490.0
83489.0
83488.0
83487.0
83485.0
83484.0
83483.0
83481.0
83480.0
83479.0
83477.0
83476.0
83475.0
83473.0
83472.0
83471.0
83470.0
83469.0
83467.0
83466.0
83465.0
83464.0
83462.0
83461.0
83460.0
83459.0
83458.0
83457.0
83456.0
83455.0
83454.0
83453.0
83452.0
83451.0
83450.0
83449.0
83448.0
83447.0
83446.0
83446.0
83445.0
83444.0
83443.0
83443.0
83442.0
83441.0
83441.0
83440.0
83440.0
83439.0
83438.0
83437.0
83436.0
83435.0
83434.0
83433.0
83432.0
83431.0
83429.0
83428.0
83426.0
83425.0
83423.0
83422.0
83420.0
83419.0
83417.0
83416.0
83414.0
83413.0
83411.0
83410.0
83408.0
83407.0
83406.0
83405.0
83403.0
83402.0
83401.0
83400.0
83399.0
83398.0
83396.0
83395.0
83394.0
83393.0
83392.0
83391.0
83390.0
83389.0
83388.0
83387.0
83386.0
83385.0
83385.0
83384.0
83384.0
83383.0
83383.0
83382.0
83382.0
83382.0
83382.0
83382.0
83381.0
83381.0
83381.0
83381.0
83381.0
83381.0
83381.0
83381.0
83381.0
83381.0
83380.0
83380.0
83380.0
83380.0
83380.0
83379.0
83379.0
83379.0
83379.0
83379.0
83378.0
83378.0
83378.0
83378.0
83378.0
83377.0
83377.0
83377.0
83377.0
83376.0
83376.0
83376.0
83375.0
83375.0
83374.0
83373.0
83372.0
83371.0
83370.0
83369.0
83367.0
83366.0
83364.0
83363.0
83361.0
83359.0
83358.0
83356.0
83354.0
83352.0
83351.0
83349.0
83347.0
83345.0
83344.0
83342.0
83340.0
83338.0
83337.0
83335.0
83333.0
83331.0
83330.0
83328.0
83326.0
83324.0
83322.0
83320.0
83318.0
83316.0
83314.0
83312.0
83310.0
83308.0
83307.0
83305.0
83303.0
83302.0
83300.0
83299.0
83297.0
83296.0
83294.0
83293.0
83291.0
83290.0
83289.0
83288.0
83287.0
83286.0
83285.0
83284.0
83283.0
83282.0
83281.0
83281.0
83280.0
83279.0
83279.0
83278.0
83278.0
83278.0
83277.0
83277.0
83277.0
83276.0
83276.0
83276.0
83276.0
83276.0
83276.0
83277.0
83277.0
83277.0
83278.0
83278.0
83278.0
83278.0
83278.0
83278.0
83279.0
83279.0
83279.0
83279.0
83278.0
83278.0
83278.0
83278.0
83277.0
83277.0
83276.0
83275.0
83275.0
83274.0
83274.0
83273.0
83272.0
83272.0
83271.0
83271.0
83270.0
83270.0
83269.0
83269.0
83268.0
83268.0
83268.0
83267.0
83267.0
83266.0
83266.0
83266.0
83266.0
83265.0
83265.0
83265.0
83265.0
83264.0
83264.0
83264.0
83264.0
83265.0
83265.0
83265.0
83266.0
83266.0
83266.0
83267.0
83267.0
83268.0
83268.0
83269.0
83269.0
83270.0
83270.0
83271.0
83272.0
83272.0
83273.0
83273.0
83274.0
83274.0
83274.0
83274.0
83275.0
83275.0
83275.0
83275.0
83275.0
83275.0
83275.0
83275.0
83275.0
83275.0
83275.0
83275.0
83275.0
83275.0
83275.0
83275.0
83275.0
83275.0
83274.0
83274.0
83274.0
83274.0
83274.0
83274.0
83274.0
83273.0
83273.0
83273.0
83273.0
83272.0
83272.0
83271.0
83270.0
83270.0
83269.0
83268.0
83268.0
83267.0
83266.0
83265.0
83265.0
83264.0
83263.0
83262.0
83262.0
83261.0
83260.0
83260.0
83259.0
83259.0
83258.0
83258.0
83257.0
83257.0
83256.0
83256.0
83255.0
83255.0
83254.0
83254.0
83253.0
83253.0
83253.0
83253.0
83253.0
83253.0
83253.0
83253.0
83253.0
83253.0
83254.0
83254.0
83254.0
83255.0
83255.0
83256.0
83256.0
83257.0
83257.0
83258.0
83258.0
83259.0
83260.0
83260.0
83261.0
83262.0
83262.0
83263.0
83263.0
83264.0
83264.0
83264.0
83265.0
83265.0
83265.0
83265.0
83266.0
83266.0
83266.0
83266.0
83266.0
83266.0
83266.0
83266.0
83266.0
83266.0
83266.0
83265.0
83265.0
83265.0
83264.0
83263.0
83263.0
83262.0
83261.0
83260.0
83258.0
83257.0
83255.0
83254.0
83252.0
83250.0
83248.0
83246.0
83244.0
83242.0
83240.0
83238.0
83235.0
83233.0
83231.0
83229.0
83226.0
83224.0
83222.0
83220.0
83218.0
83216.0
83214.0
83213.0
83211.0
83209.0
83207.0
83206.0
83204.0
83203.0
83201.0
83200.0
83199.0
83197.0
83196.0
83196.0
83195.0
83194.0
83194.0
83194.0
83193.0
83193.0
83193.0
83193.0
83194.0
83194.0
83194.0
83195.0
83195.0
83196.0
83196.0
83197.0
83198.0
83199.0
83199.0
83200.0
83201.0
83202.0
83203.0
83203.0
83204.0
83205.0
83206.0
83206.0
83207.0
83208.0
83208.0
83209.0
83210.0
83210.0
83211.0
83211.0
83212.0
83213.0
83213.0
83213.0
83214.0
83214.0
83214.0
83215.0
83215.0
83215.0
83215.0
83215.0
83215.0
83215.0
83215.0
83214.0
83214.0
83214.0
83213.0
83212.0
83212.0
83211.0
83210.0
83209.0
83209.0
83208.0
83207.0
83206.0
83205.0
83204.0
83203.0
83203.0
83202.0
83201.0
83200.0
83199.0
83198.0
83197.0
83197.0
83196.0
83195.0
83194.0
83193.0
83192.0
83191.0
83190.0
83189.0
83188.0
83187.0
83186.0
83185.0
83184.0
83183.0
83182.0
83182.0
83181.0
83180.0
83179.0
83178.0
83178.0
83177.0
83176.0
83175.0
83175.0
83174.0
83173.0
83173.0
83172.0
83171.0
83171.0
83170.0
83169.0
83168.0
83168.0
83167.0
83166.0
83166.0
83165.0
83164.0
83164.0
83163.0
83162.0
83161.0
83161.0
83160.0
83159.0
83158.0
83157.0
83156.0
83155.0
83155.0
83154.0
83153.0
83152.0
83151.0
83150.0
83149.0
83147.0
83146.0
83145.0
83144.0
83143.0
83142.0
83140.0
83139.0
83137.0
83136.0
83134.0
83133.0
83131.0
83129.0
83128.0
83126.0
83124.0
83122.0
83121.0
83119.0
83117.0
83116.0
83114.0
83112.0
83111.0
83109.0
83108.0
83106.0
83105.0
83104.0
83103.0
83102.0
83101.0
83100.0
83099.0
83098.0
83097.0
83096.0
83095.0
83094.0
83093.0
83093.0
83092.0
83091.0
83091.0
83090.0
83090.0
83089.0
83089.0
83089.0
83088.0
83088.0
83088.0
83087.0
83087.0
83087.0
83086.0
83086.0
83086.0
83086.0
83085.0
83085.0
83085.0
83085.0
83085.0
83084.0
83084.0
83084.0
83084.0
83084.0
83084.0
83084.0
83084.0
83084.0
83084.0
83084.0
83085.0
83085.0
83085.0
83085.0
83085.0
83085.0
83085.0
83085.0
83085.0
83086.0
83086.0
83086.0
83086.0
83086.0
83086.0
83086.0
83086.0
83086.0
83086.0
83085.0
83085.0
83085.0
83084.0
83083.0
83082.0
83082.0
83081.0
83080.0
83079.0
83078.0
83077.0
83076.0
83075.0
83074.0
83073.0
83072.0
83071.0
83070.0
83069.0
83068.0
83067.0
83066.0
83065.0
83064.0
83063.0
83063.0
83062.0
83062.0
83061.0
83061.0
83061.0
83061.0
83061.0
83061.0
83061.0
83061.0
83062.0
83062.0
83063.0
83063.0
83064.0
83065.0
83066.0
83067.0
83067.0
83068.0
83069.0
83070.0
83071.0
83072.0
83074.0
83075.0
83076.0
83077.0
83078.0
83079.0
83080.0
83082.0
83083.0
83084.0
83085.0
83087.0
83088.0
83089.0
83091.0
83092.0
83094.0
83095.0
83096.0
83098.0
83099.0
83100.0
83102.0
83103.0
83104.0
83105.0
83106.0
83107.0
83108.0
83109.0
83110.0
83111.0
83112.0
83112.0
83113.0
83113.0
83114.0
83114.0
83114.0
83114.0
83114.0
83114.0
83114.0
83114.0
83113.0
83113.0
83112.0
83112.0
83111.0
83110.0
83110.0
83109.0
83108.0
83108.0
83107.0
83106.0
83105.0
83105.0
83104.0
83103.0
83102.0
83101.0
83100.0
83099.0
83098.0
83097.0
83097.0
83096.0
83095.0
83094.0
83093.0
83092.0
83092.0
83091.0
83091.0
83090.0
83090.0
83089.0
83089.0
83089.0
83089.0
83089.0
83089.0
83089.0
83089.0
83089.0
83090.0
83090.0
83090.0
83091.0
83091.0
83092.0
83092.0
83093.0
83094.0
83094.0
83095.0
83096.0
83097.0
83097.0
83098.0
83099.0
83100.0
83101.0
83102.0
83103.0
83104.0
83105.0
83106.0
83107.0
83108.0
83109.0
83110.0
83111.0
83112.0
83113.0
83114.0
83115.0
83115.0
83116.0
83117.0
83117.0
83118.0
83118.0
83118.0
83118.0
83118.0
83118.0
83117.0
83117.0
83116.0
83115.0
83114.0
83113.0
83112.0
83111.0
83110.0
83108.0
83107.0
83105.0
83104.0
83102.0
83100.0
83099.0
83097.0
83095.0
83093.0
83091.0
83090.0
83088.0
83086.0
83084.0
83082.0
83081.0
83079.0
83077.0
83075.0
83074.0
83072.0
83071.0
83069.0
83068.0
83066.0
83065.0
83064.0
83063.0
83062.0
83061.0
83060.0
83060.0
83059.0
83059.0
83058.0
83058.0
83058.0
83058.0
83058.0
83058.0
83058.0
83058.0
83058.0
83058.0
83058.0
83058.0
83058.0
83059.0
83059.0
83059.0
83060.0
83060.0
83061.0
83061.0
83061.0
83062.0
83062.0
83063.0
83063.0
83064.0
83064.0
83065.0
83065.0
83066.0
83066.0
83066.0
83067.0
83067.0
83068.0
83068.0
83069.0
83069.0
83069.0
83069.0
83069.0
83069.0
83069.0
83069.0
83069.0
83069.0
83069.0
83069.0
83069.0
83068.0
83068.0
83068.0
83067.0
83067.0
83067.0
83066.0
83066.0
83066.0
83065.0
83065.0
83065.0
83065.0
83064.0
83064.0
83064.0
83064.0
83064.0
83063.0
83063.0
83064.0
83064.0
83064.0
83064.0
83065.0
83066.0
83066.0
83067.0
83068.0
83069.0
83070.0
83071.0
83072.0
83073.0
83075.0
83076.0
83077.0
83078.0
83080.0
83081.0
83082.0
83083.0
83084.0
83085.0
83086.0
83086.0
83087.0
83088.0
83088.0
83089.0
83090.0
83090.0
83091.0
83092.0
83092.0
83093.0
83093.0
83094.0
83095.0
83095.0
83096.0
83096.0
83097.0
83098.0
83098.0
83099.0
83099.0
83100.0
83100.0
83101.0
83101.0
83102.0
83102.0
83102.0
83103.0
83103.0
83103.0
83103.0
83103.0
83103.0
83103.0
83103.0
83103.0
83103.0
83103.0
83103.0
83103.0
83103.0
83103.0
83103.0
83103.0
83103.0
83103.0
83103.0
83103.0
83103.0
83103.0
83103.0
83103.0
83103.0
83103.0
83103.0
83102.0
83102.0
83102.0
83102.0
83102.0
83102.0
83102.0
83102.0
83102.0
83102.0
83103.0
83103.0
83103.0
83103.0
83103.0
83104.0
83104.0
83104.0
83105.0
83105.0
83105.0
83106.0
83106.0
83106.0
83107.0
83107.0
83107.0
83108.0
83108.0
83108.0
83108.0
83109.0
83109.0
83109.0
83109.0
83110.0
83110.0
83110.0
83110.0
83110.0
83111.0
83111.0
83111.0
83111.0
83111.0
83111.0
83111.0
83111.0
83111.0
83111.0
83111.0
83111.0
83111.0
83111.0
83111.0
83111.0
83110.0
83110.0
83109.0
83109.0
83108.0
83108.0
83107.0
83107.0
83106.0
83105.0
83105.0
83104.0
83103.0
83103.0
83102.0
83101.0
83100.0
83100.0
83099.0
83098.0
83097.0
83097.0
83096.0
83095.0
83094.0
83093.0
83093.0
83092.0
83091.0
83090.0
83089.0
83088.0
83087.0
83087.0
83086.0
83085.0
83084.0
83083.0
83083.0
83082.0
83081.0
83081.0
83080.0
83080.0
83079.0
83079.0
83078.0
83078.0
83078.0
83078.0
83077.0
83077.0
83077.0
83077.0
83077.0
83077.0
83077.0
83077.0
83077.0
83077.0
83077.0
83077.0
83077.0
83077.0
83077.0
83078.0
83078.0
83078.0
83078.0
83078.0
83079.0
83079.0
83079.0
83079.0
83080.0
83080.0
83080.0
83080.0
83081.0
83081.0
83081.0
83081.0
83081.0
83081.0
83081.0
83081.0
83081.0
83081.0
83080.0
83080.0
83080.0
83080.0
83079.0
83079.0
83078.0
83078.0
83078.0
83077.0
83077.0
83076.0
83076.0
83075.0
83075.0
83075.0
83074.0
83074.0
83073.0
83072.0
83072.0
83071.0
83070.0
83069.0
83069.0
83068.0
83067.0
83066.0
83066.0
83065.0
83064.0
83064.0
83063.0
83063.0
83062.0
83062.0
83062.0
83062.0
83062.0
83062.0
83062.0
83062.0
83062.0
83062.0
83062.0
83062.0
83062.0
83062.0
83063.0
83063.0
83063.0
83063.0
83064.0
83064.0
83064.0
83064.0
83065.0
83065.0
83065.0
83066.0
83066.0
83066.0
83067.0
83067.0
83067.0
83067.0
83068.0
83068.0
83068.0
83069.0
83069.0
83069.0
83070.0
83070.0
83071.0
83071.0
83072.0
83072.0
83073.0
83073.0
83074.0
83074.0
83074.0
83074.0
83074.0
83074.0
83074.0
83074.0
83073.0
83073.0
83073.0
83072.0
83072.0
83071.0
83071.0
83071.0
83070.0
83070.0
83069.0
83069.0
83068.0
83067.0
83067.0
83066.0
83066.0
83065.0
83064.0
83064.0
83063.0
83062.0
83062.0
83061.0
83061.0
83060.0
83060.0
83060.0
83060.0
83059.0
83059.0
83059.0
83059.0
83059.0
83059.0
83060.0
83060.0
83060.0
83060.0
83061.0
83061.0
83061.0
83062.0
83062.0
83063.0
83063.0
83064.0
83064.0
83065.0
83066.0
83066.0
83067.0
83068.0
83069.0
83070.0
83071.0
83071.0
83072.0
83073.0
83074.0
83075.0
83076.0
83077.0
83078.0
83079.0
83080.0
83082.0
83083.0
83084.0
83085.0
83086.0
83087.0
83089.0
83090.0
83091.0
83092.0
83093.0
83095.0
83096.0
83097.0
83098.0
83098.0
83099.0
83100.0
83100.0
83101.0
83101.0
83101.0
83102.0
83102.0
83102.0
83102.0
83102.0
83102.0
83102.0
83102.0
83101.0
83101.0
83101.0
83100.0
83100.0
83100.0
83100.0
83099.0
83099.0
83099.0
83098.0
83098.0
83097.0
83097.0
83096.0
83096.0
83095.0
83095.0
83095.0
83094.0
83094.0
83093.0
83093.0
83093.0
83093.0
83093.0
83092.0
83092.0
83092.0
83092.0
83092.0
83092.0
83092.0
83092.0
83093.0
83093.0
83093.0
83093.0
83093.0
83094.0
83094.0
83094.0
83094.0
83095.0
83095.0
83095.0
83096.0
83096.0
83096.0
83097.0
83097.0
83098.0
83098.0
83099.0
83099.0
83100.0
83100.0
83101.0
83101.0
83102.0
83102.0
83103.0
83103.0
83104.0
83105.0
83105.0
83106.0
83106.0
83107.0
83107.0
83108.0
83108.0
83108.0
83108.0
83108.0
83108.0
83108.0
83107.0
83107.0
83106.0
83106.0
83105.0
83104.0
83103.0
83102.0
83101.0
83101.0
83100.0
83099.0
83097.0
83096.0
83095.0
83094.0
83093.0
83093.0
83092.0
83091.0
83090.0
83089.0
83088.0
83087.0
83086.0
83086.0
83085.0
83084.0
83083.0
83082.0
83082.0
83081.0
83081.0
83080.0
83080.0
83079.0
83079.0
83078.0
83078.0
83078.0
83078.0
83078.0
83078.0
83078.0
83078.0
83078.0
83078.0
83079.0
83079.0
83080.0
83080.0
83081.0
83082.0
83082.0
83083.0
83084.0
83085.0
83085.0
83086.0
83087.0
83088.0
83089.0
83090.0
83090.0
83091.0
83092.0
83093.0
83094.0
83095.0
83095.0
83096.0
83097.0
83097.0
83098.0
83098.0
83099.0
83099.0
83100.0
83100.0
83101.0
83101.0
83102.0
83102.0
83103.0
83103.0
83103.0
83103.0
83104.0
83104.0
83104.0
83103.0
83103.0
83103.0
83102.0
83102.0
83101.0
83101.0
83100.0
83099.0
83099.0
83098.0
83097.0
83096.0
83095.0
83095.0
83094.0
83093.0
83092.0
83091.0
83090.0
83089.0
83089.0
83088.0
83087.0
83086.0
83085.0
83085.0
83084.0
83083.0
83082.0
83082.0
83081.0
83081.0
83080.0
83080.0
83079.0
83079.0
83079.0
83079.0
83078.0
83078.0
83078.0
83078.0
83078.0
83078.0
83078.0
83078.0
83078.0
83078.0
83078.0
83079.0
83079.0
83079.0
83079.0
83080.0
83080.0
83080.0
83080.0
83081.0
83081.0
83081.0
83081.0
83082.0
83082.0
83082.0
83082.0
83083.0
83083.0
83083.0
83083.0
83084.0
83084.0
83084.0
83084.0
83085.0
83085.0
83085.0
83086.0
83086.0
83087.0
83087.0
83088.0
83088.0
83089.0
83089.0
83090.0
83090.0
83091.0
83091.0
83092.0
83092.0
83092.0
83092.0
83092.0
83092.0
83092.0
83092.0
83092.0
83091.0
83091.0
83091.0
83091.0
83090.0
83090.0
83090.0
83090.0
83090.0
83090.0
83090.0
83090.0
83090.0
83091.0
83091.0
83091.0
83091.0
83092.0
83092.0
83092.0
83093.0
83093.0
83093.0
83094.0
83094.0
83095.0
83095.0
83096.0
83096.0
83097.0
83098.0
83098.0
83099.0
83099.0
83100.0
83101.0
83101.0
83102.0
83102.0
83103.0
83104.0
83104.0
83105.0
83106.0
83106.0
83107.0
83108.0
83109.0
83109.0
83110.0
83111.0
83111.0
83112.0
83113.0
83114.0
83114.0
83115.0
83116.0
83116.0
83117.0
83118.0
83118.0
83119.0
83119.0
83120.0
83120.0
83121.0
83122.0
83122.0
83123.0
83123.0
83124.0
83124.0
83125.0
83125.0
83125.0
83126.0
83126.0
83126.0
83127.0
83127.0
83127.0
83127.0
83127.0
83127.0
83126.0
83126.0
83125.0
83124.0
83124.0
83123.0
83122.0
83121.0
83120.0
83119.0
83118.0
83117.0
83116.0
83115.0
83114.0
83113.0
83112.0
83111.0
83110.0
83109.0
83108.0
83107.0
83106.0
83105.0
83104.0
83103.0
83102.0
83100.0
83099.0
83098.0
83097.0
83096.0
83095.0
83094.0
83093.0
83092.0
83091.0
83090.0
83089.0
83088.0
83087.0
83086.0
83086.0
83085.0
83085.0
83084.0
83084.0
83083.0
83083.0
83083.0
83082.0
83082.0
83082.0
83082.0
83082.0
83082.0
83082.0
83082.0
83082.0
83083.0
83083.0
83083.0
83084.0
83084.0
83085.0
83085.0
83086.0
83086.0
83086.0
83087.0
83087.0
83088.0
83088.0
83088.0
83089.0
83089.0
83090.0
83090.0
83090.0
83091.0
83091.0
83091.0
83091.0
83091.0
83091.0
83091.0
83090.0
83090.0
83090.0
83089.0
83089.0
83089.0
83088.0
83088.0
83087.0
83087.0
83087.0
83086.0
83086.0
83085.0
83085.0
83085.0
83084.0
83084.0
83084.0
83083.0
83083.0
83083.0
83082.0
83082.0
83082.0
83082.0
83082.0
83081.0
83081.0
83081.0
83081.0
83081.0
83081.0
83081.0
83081.0
83081.0
83081.0
83081.0
83082.0
83082.0
83082.0
83082.0
83083.0
83083.0
83084.0
83084.0
83085.0
83086.0
83086.0
83087.0
83088.0
83088.0
83089.0
83089.0
83090.0
83091.0
83091.0
83092.0
83092.0
83093.0
83093.0
83094.0
83095.0
83095.0
83096.0
83096.0
83097.0
83097.0
83098.0
83098.0
83099.0
83099.0
83100.0
83100.0
83100.0
83101.0
83101.0
83101.0
83102.0
83102.0
83102.0
83102.0
83102.0
83102.0
83102.0
83102.0
83101.0
83100.0
83100.0
83099.0
83098.0
83097.0
83096.0
83095.0
83093.0
83092.0
83091.0
83090.0
83088.0
83087.0
83086.0
83084.0
83083.0
83082.0
83081.0
83080.0
83079.0
83077.0
83077.0
83076.0
83075.0
83074.0
83073.0
83072.0
83071.0
83070.0
83070.0
83069.0
83068.0
83068.0
83067.0
83067.0
83067.0
83066.0
83066.0
83066.0
83066.0
83066.0
83067.0
83067.0
83067.0
83067.0
83068.0
83068.0
83069.0
83070.0
83070.0
83071.0
83072.0
83073.0
83073.0
83074.0
83075.0
83076.0
83077.0
83078.0
83079.0
83080.0
83081.0
83082.0
83083.0
83084.0
83085.0
83086.0
83087.0
83088.0
83089.0
83090.0
83092.0
83093.0
83094.0
83095.0
83096.0
83097.0
83098.0
83099.0
83100.0
83101.0
83102.0
83103.0
83104.0
83104.0
83105.0
83105.0
83106.0
83106.0
83106.0
83107.0
83107.0
83107.0
83107.0
83107.0
83107.0
83107.0
83107.0
83107.0
83107.0
83107.0
83106.0
83106.0
83106.0
83105.0
83105.0
83105.0
83104.0
83104.0
83104.0
83103.0
83103.0
83103.0
83102.0
83102.0
83102.0
83101.0
83101.0
83100.0
83100.0
83100.0
83099.0
83099.0
83099.0
83099.0
83099.0
83098.0
83098.0
83098.0
83098.0
83098.0
83098.0
83098.0
83098.0
83098.0
83099.0
83099.0
83099.0
83099.0
83099.0
83099.0
83100.0
83100.0
83101.0
83101.0
83101.0
83102.0
83102.0
83103.0
83103.0
83104.0
83104.0
83104.0
83105.0
83105.0
83106.0
83106.0
83106.0
83107.0
83107.0
83107.0
83107.0
83107.0
83107.0
83107.0
83107.0
83107.0
83107.0
83106.0
83106.0
83106.0
83105.0
83105.0
83104.0
83104.0
83103.0
83102.0
83101.0
83100.0
83099.0
83098.0
83097.0
83095.0
83094.0
83092.0
83091.0
83090.0
83088.0
83087.0
83086.0
83084.0
83083.0
83082.0
83081.0
83080.0
83078.0
83077.0
83076.0
83075.0
83074.0
83073.0
83072.0
83071.0
83070.0
83070.0
83069.0
83068.0
83067.0
83066.0
83065.0
83065.0
83064.0
83063.0
83063.0
83063.0
83062.0
83062.0
83062.0
83062.0
83062.0
83062.0
83062.0
83062.0
83062.0
83062.0
83062.0
83062.0
83062.0
83062.0
83062.0
83063.0
83063.0
83063.0
83063.0
83063.0
83063.0
83063.0
83063.0
83064.0
83064.0
83064.0
83065.0
83065.0
83066.0
83066.0
83067.0
83067.0
83068.0
83068.0
83068.0
83069.0
83069.0
83069.0
83069.0
83070.0
83070.0
83070.0
83071.0
83071.0
83071.0
83071.0
83071.0
83071.0
83071.0
83071.0
83070.0
83070.0
83070.0
83070.0
83069.0
83069.0
83068.0
83068.0
83067.0
83067.0
83067.0
83066.0
83066.0
83065.0
83065.0
83064.0
83064.0
83063.0
83063.0
83062.0
83062.0
83061.0
83061.0
83060.0
83060.0
83059.0
83058.0
83058.0
83057.0
83056.0
83056.0
83055.0
83054.0
83054.0
83053.0
83053.0
83052.0
83052.0
83051.0
83051.0
83051.0
83050.0
83050.0
83050.0
83050.0
83050.0
83050.0
83050.0
83051.0
83051.0
83051.0
83052.0
83053.0
83053.0
83054.0
83055.0
83056.0
83056.0
83057.0
83058.0
83059.0
83060.0
83060.0
83061.0
83062.0
83063.0
83064.0
83065.0
83066.0
83067.0
83068.0
83069.0
83071.0
83072.0
83073.0
83074.0
83076.0
83077.0
83078.0
83079.0
83081.0
83082.0
83083.0
83084.0
83085.0
83087.0
83087.0
83088.0
83089.0
83090.0
83090.0
83091.0
83091.0
83092.0
83092.0
83092.0
83093.0
83093.0
83093.0
83094.0
83094.0
83094.0
83095.0
83095.0
83095.0
83096.0
83096.0
83097.0
83097.0
83097.0
83098.0
83098.0
83098.0
83098.0
83099.0
83099.0
83099.0
83100.0
83100.0
83100.0
83100.0
83101.0
83101.0
83101.0
83102.0
83102.0
83102.0
83103.0
83103.0
83104.0
83104.0
83105.0
83105.0
83106.0
83106.0
83107.0
83107.0
83108.0
83108.0
83109.0
83109.0
83109.0
83110.0
83110.0
83111.0
83111.0
83112.0
83112.0
83113.0
83113.0
83114.0
83114.0
83115.0
83115.0
83115.0
83116.0
83116.0
83117.0
83117.0
83117.0
83118.0
83118.0
83118.0
83119.0
83119.0
83119.0
83120.0
83120.0
83120.0
83120.0
83121.0
83121.0
83121.0
83121.0
83121.0
83121.0
83121.0
83121.0
83121.0
83121.0
83120.0
83120.0
83120.0
83120.0
83119.0
83119.0
83119.0
83119.0
83119.0
83118.0
83118.0
83118.0
83117.0
83117.0
83117.0
83117.0
83116.0
83116.0
83115.0
83115.0
83115.0
83114.0
83114.0
83113.0
83112.0
83112.0
83111.0
83111.0
83110.0
83109.0
83109.0
83108.0
83108.0
83107.0
83106.0
83106.0
83105.0
83105.0
83105.0
83104.0
83104.0
83103.0
83103.0
83103.0
83102.0
83102.0
83101.0
83101.0
83100.0
83100.0
83099.0
83099.0
83099.0
83098.0
83098.0
83097.0
83097.0
83097.0
83096.0
83096.0
83096.0
83095.0
83095.0
83095.0
83095.0
83094.0
83094.0
83094.0
83095.0
83095.0
83095.0
83095.0
83095.0
83095.0
83095.0
83095.0
83095.0
83095.0
83095.0
83095.0
83095.0
83095.0
83095.0
83095.0
83095.0
83095.0
83094.0
83094.0
83094.0
83093.0
83093.0
83092.0
83092.0
83092.0
83091.0
83090.0
83090.0
83089.0
83088.0
83088.0
83087.0
83086.0
83086.0
83085.0
83084.0
83084.0
83083.0
83082.0
83082.0
83081.0
83081.0
83080.0
83080.0
83079.0
83078.0
83078.0
83077.0
83076.0
83076.0
83075.0
83075.0
83074.0
83074.0
83073.0
83073.0
83073.0
83073.0
83073.0
83073.0
83073.0
83073.0
83073.0
83073.0
83073.0
83073.0
83073.0
83074.0
83074.0
83074.0
83075.0
83075.0
83076.0
83076.0
83077.0
83077.0
83078.0
83078.0
83079.0
83079.0
83080.0
83080.0
83081.0
83081.0
83082.0
83083.0
83083.0
83084.0
83085.0
83085.0
83086.0
83087.0
83088.0
83088.0
83089.0
83090.0
83091.0
83091.0
83092.0
83093.0
83093.0
83094.0
83095.0
83095.0
83096.0
83096.0
83096.0
83096.0
83096.0
83096.0
83096.0
83096.0
83096.0
83096.0
83096.0
83095.0
83095.0
83095.0
83095.0
83094.0
83094.0
83094.0
83094.0
83094.0
83093.0
83093.0
83093.0
83092.0
83092.0
83092.0
83092.0
83091.0
83091.0
83091.0
83091.0
83091.0
83090.0
83090.0
83090.0
83090.0
83090.0
83090.0
83090.0
83090.0
83090.0
83090.0
83091.0
83091.0
83092.0
83092.0
83093.0
83093.0
83094.0
83094.0
83095.0
83096.0
83096.0
83097.0
83098.0
83098.0
83099.0
83100.0
83100.0
83101.0
83102.0
83103.0
83103.0
83104.0
83105.0
83106.0
83107.0
83107.0
83108.0
83109.0
83110.0
83111.0
83112.0
83113.0
83114.0
83115.0
83116.0
83117.0
83119.0
83120.0
83121.0
83122.0
83123.0
83124.0
83125.0
83126.0
83127.0
83128.0
83129.0
83130.0
83131.0
83131.0
83132.0
83133.0
83133.0
83133.0
83134.0
83134.0
83134.0
83134.0
83134.0
83134.0
83133.0
83133.0
83132.0
83132.0
83132.0
83131.0
83131.0
83130.0
83130.0
83130.0
83129.0
83129.0
83128.0
83128.0
83128.0
83127.0
83127.0
83127.0
83126.0
83126.0
83126.0
83125.0
83125.0
83125.0
83124.0
83124.0
83123.0
83123.0
83122.0
83122.0
83121.0
83121.0
83120.0
83120.0
83119.0
83119.0
83118.0
83118.0
83117.0
83117.0
83116.0
83116.0
83115.0
83115.0
83114.0
83114.0
83113.0
83112.0
83112.0
83111.0
83111.0
83110.0
83109.0
83108.0
83107.0
83107.0
83106.0
83105.0
83104.0
83104.0
83103.0
83102.0
83101.0
83101.0
83100.0
83100.0
83099.0
83099.0
83098.0
83098.0
83097.0
83097.0
83096.0
83095.0
83095.0
83094.0
83094.0
83093.0
83093.0
83093.0
83092.0
83092.0
83091.0
83091.0
83090.0
83090.0
83089.0
83088.0
83088.0
83087.0
83086.0
83085.0
83084.0
83083.0
83082.0
83082.0
83081.0
83080.0
83079.0
83078.0
83077.0
83076.0
83075.0
83074.0
83073.0
83072.0
83072.0
83071.0
83070.0
83069.0
83068.0
83067.0
83066.0
83066.0
83065.0
83064.0
83063.0
83063.0
83062.0
83061.0
83060.0
83060.0
83059.0
83059.0
83058.0
83058.0
83058.0
83058.0
83057.0
83057.0
83057.0
83057.0
83057.0
83057.0
83058.0
83058.0
83058.0
83058.0
83058.0
83059.0
83059.0
83060.0
83060.0
83061.0
83061.0
83062.0
83062.0
83063.0
83063.0
83064.0
83064.0
83065.0
83065.0
83066.0
83066.0
83067.0
83067.0
83067.0
83068.0
83068.0
83069.0
83069.0
83070.0
83070.0
83070.0
83071.0
83071.0
83071.0
83072.0
83072.0
83072.0
83073.0
83073.0
83073.0
83073.0
83073.0
83073.0
83073.0
83072.0
83072.0
83071.0
83071.0
83070.0
83070.0
83069.0
83069.0
83068.0
83068.0
83067.0
83067.0
83066.0
83066.0
83066.0
83065.0
83065.0
83065.0
83065.0
83065.0
83065.0
83066.0
83066.0
83067.0
83067.0
83068.0
83069.0
83070.0
83071.0
83071.0
83072.0
83073.0
83074.0
83075.0
83076.0
83077.0
83078.0
83079.0
83080.0
83081.0
83082.0
83084.0
83085.0
83086.0
83087.0
83088.0
83089.0
83090.0
83091.0
83092.0
83093.0
83094.0
83095.0
83096.0
83098.0
83099.0
83100.0
83101.0
83102.0
83103.0
83104.0
83105.0
83106.0
83108.0
83109.0
83110.0
83111.0
83112.0
83114.0
83115.0
83117.0
83118.0
83120.0
83121.0
83123.0
83124.0
83126.0
83127.0
83129.0
83130.0
83132.0
83133.0
83135.0
83136.0
83138.0
83139.0
83141.0
83142.0
83143.0
83145.0
83146.0
83147.0
83148.0
83149.0
83149.0
83150.0
83151.0
83151.0
83151.0
83152.0
83152.0
83153.0
83153.0
83153.0
83154.0
83154.0
83155.0
83155.0
83155.0
83156.0
83156.0
83157.0
83157.0
83158.0
83158.0
83159.0
83160.0
83160.0
83160.0
83161.0
83161.0
83161.0
83162.0
83162.0
83162.0
83162.0
83162.0
83162.0
83162.0
83162.0
83162.0
83162.0
83162.0
83162.0
83162.0
83162.0
83162.0
83162.0
83162.0
83162.0
83162.0
83162.0
83162.0
83162.0
83162.0
83162.0
83161.0
83161.0
83161.0
83161.0
83161.0
83161.0
83160.0
83160.0
83160.0
83159.0
83159.0
83159.0
83158.0
83158.0
83158.0
83157.0
83157.0
83156.0
83156.0
83155.0
83154.0
83154.0
83153.0
83152.0
83151.0
83150.0
83149.0
83148.0
83147.0
83146.0
83144.0
83143.0
83141.0
83140.0
83138.0
83137.0
83135.0
83133.0
83132.0
83130.0
83129.0
83127.0
83126.0
83124.0
83123.0
83121.0
83120.0
83118.0
83116.0
83115.0
83114.0
83112.0
83111.0
83109.0
83108.0
83107.0
83106.0
83105.0
83104.0
83103.0
83102.0
83101.0
83100.0
83099.0
83098.0
83097.0
83097.0
83096.0
83096.0
83095.0
83095.0
83094.0
83094.0
83094.0
83094.0
83094.0
83094.0
83094.0
83094.0
83094.0
83094.0
83095.0
83095.0
83096.0
83097.0
83097.0
83098.0
83099.0
83099.0
83100.0
83101.0
83102.0
83103.0
83104.0
83105.0
83106.0
83107.0
83108.0
83109.0
83110.0
83111.0
83112.0
83113.0
83114.0
83116.0
83117.0
83118.0
83119.0
83120.0
83121.0
83122.0
83123.0
83124.0
83126.0
83127.0
83127.0
83128.0
83129.0
83130.0
83131.0
83131.0
83131.0
83132.0
83132.0
83132.0
83132.0
83132.0
83132.0
83132.0
83132.0
83132.0
83132.0
83132.0
83132.0
83132.0
83132.0
83132.0
83132.0
83131.0
83131.0
83131.0
83131.0
83131.0
83130.0
83130.0
83130.0
83130.0
83129.0
83129.0
83129.0
83128.0
83128.0
83127.0
83127.0
83126.0
83126.0
83125.0
83125.0
83124.0
83124.0
83124.0
83123.0
83123.0
83123.0
83123.0
83123.0
83123.0
83123.0
83123.0
83123.0
83124.0
83124.0
83125.0
83126.0
83127.0
83128.0
83129.0
83130.0
83131.0
83133.0
83134.0
83135.0
83136.0
83138.0
83139.0
83141.0
83142.0
83144.0
83146.0
83147.0
83149.0
83150.0
83152.0
83153.0
83155.0
83156.0
83158.0
83159.0
83161.0
83162.0
83164.0
83165.0
83167.0
83168.0
83169.0
83171.0
83172.0
83173.0
83174.0
83175.0
83176.0
83177.0
83178.0
83179.0
83180.0
83181.0
83182.0
83183.0
83184.0
83185.0
83186.0
83187.0
83188.0
83190.0
83191.0
83192.0
83193.0
83194.0
83196.0
83197.0
83198.0
83199.0
83200.0
83201.0
83203.0
83204.0
83204.0
83205.0
83206.0
83207.0
83208.0
83209.0
83210.0
83211.0
83211.0
83212.0
83213.0
83214.0
83215.0
83215.0
83216.0
83217.0
83218.0
83218.0
83219.0
83220.0
83221.0
83221.0
83222.0
83223.0
83223.0
83224.0
83224.0
83225.0
83225.0
83226.0
83226.0
83226.0
83227.0
83227.0
83227.0
83227.0
83227.0
83227.0
83227.0
83227.0
83227.0
83227.0
83227.0
83227.0
83227.0
83227.0
83227.0
83227.0
83227.0
83227.0
83226.0
83226.0
83226.0
83225.0
83224.0
83224.0
83223.0
83222.0
83221.0
83220.0
83219.0
83218.0
83217.0
83216.0
83215.0
83214.0
83212.0
83211.0
83210.0
83209.0
83208.0
83207.0
83205.0
83204.0
83203.0
83202.0
83201.0
83200.0
83199.0
83198.0
83197.0
83196.0
83195.0
83194.0
83193.0
83192.0
83191.0
83189.0
83188.0
83187.0
83186.0
83184.0
83183.0
83182.0
83181.0
83179.0
83178.0
83177.0
83175.0
83174.0
83173.0
83172.0
83170.0
83169.0
83167.0
83166.0
83165.0
83163.0
83162.0
83160.0
83159.0
83157.0
83156.0
83155.0
83153.0
83152.0
83151.0
83149.0
83147.0
83146.0
83144.0
83141.0
83139.0
83136.0
83134.0
83131.0
83128.0
83125.0
83121.0
83118.0
83114.0
83110.0
83106.0
83102.0
83097.0
83093.0
83088.0
83084.0
83079.0
83074.0
83069.0
83065.0
83060.0
83055.0
83051.0
83046.0
83041.0
83037.0
83033.0
83028.0
83024.0
83020.0
83016.0
83012.0
83008.0
83004.0
83000.0
82997.0
82994.0
82991.0
82988.0
82985.0
82983.0
82980.0
82978.0
82975.0
82973.0
82971.0
82969.0
82968.0
82966.0
82964.0
82963.0
82962.0
82961.0
82960.0
82959.0
82959.0
82958.0
82958.0
82958.0
82958.0
82958.0
82958.0
82959.0
82959.0
82960.0
82961.0
82962.0
82963.0
82964.0
82965.0
82966.0
82967.0
82968.0
82970.0
82971.0
82972.0
82974.0
82975.0
82976.0
82978.0
82979.0
82981.0
82982.0
82984.0
82985.0
82986.0
82988.0
82989.0
82991.0
82992.0
82993.0
82995.0
82996.0
82997.0
82998.0
83000.0
83001.0
83002.0
83003.0
83004.0
83005.0
83006.0
83007.0
83008.0
83009.0
83009.0
83010.0
83010.0
83011.0
83011.0
83012.0
83012.0
83012.0
83013.0
83013.0
83013.0
83013.0
83013.0
83013.0
83013.0
83013.0
83013.0
83013.0
83013.0
83013.0
83013.0
83012.0
83012.0
83012.0
83011.0
83011.0
83011.0
83010.0
83010.0
83010.0
83010.0
83010.0
83010.0
83010.0
83010.0
83010.0
83010.0
83011.0
83011.0
83012.0
83012.0
83013.0
83014.0
83014.0
83015.0
83016.0
83017.0
83018.0
83019.0
83020.0
83022.0
83023.0
83024.0
83025.0
83027.0
83028.0
83029.0
83030.0
83032.0
83033.0
83034.0
83036.0
83037.0
83038.0
83040.0
83041.0
83042.0
83044.0
83045.0
83047.0
83048.0
83050.0
83051.0
83053.0
83054.0
83056.0
83058.0
83059.0
83061.0
83062.0
83064.0
83066.0
83067.0
83069.0
83070.0
83071.0
83073.0
83074.0
83075.0
83076.0
83077.0
83078.0
83079.0
83080.0
83081.0
83082.0
83083.0
83084.0
83085.0
83086.0
83087.0
83088.0
83089.0
83090.0
83092.0
83093.0
83094.0
83095.0
83097.0
83098.0
83099.0
83100.0
83100.0
83101.0
83102.0
83103.0
83104.0
83104.0
83105.0
83106.0
83106.0
83107.0
83107.0
83108.0
83109.0
83110.0
83110.0
83111.0
83112.0
83112.0
83113.0
83114.0
83114.0
83115.0
83116.0
83116.0
83117.0
83118.0
83118.0
83119.0
83119.0
83120.0
83120.0
83121.0
83121.0
83121.0
83122.0
83122.0
83122.0
83123.0
83123.0
83123.0
83123.0
83123.0
83124.0
83124.0
83124.0
83124.0
83124.0
83124.0
83124.0
83123.0
83123.0
83123.0
83123.0
83122.0
83122.0
83122.0
83121.0
83120.0
83120.0
83119.0
83118.0
83117.0
83116.0
83115.0
83114.0
83113.0
83112.0
83110.0
83109.0
83108.0
83107.0
83106.0
83104.0
83103.0
83102.0
83101.0
83099.0
83098.0
83097.0
83096.0
83095.0
83093.0
83092.0
83091.0
83090.0
83089.0
83088.0
83087.0
83085.0
83084.0
83084.0
83083.0
83082.0
83081.0
83080.0
83080.0
83079.0
83079.0
83079.0
83079.0
83078.0
83078.0
83078.0
83079.0
83079.0
83079.0
83079.0
83080.0
83080.0
83080.0
83081.0
83081.0
83082.0
83082.0
83083.0
83083.0
83084.0
83084.0
83085.0
83086.0
83086.0
83087.0
83087.0
83088.0
83089.0
83089.0
83090.0
83090.0
83091.0
83091.0
83092.0
83092.0
83093.0
83093.0
83093.0
83094.0
83094.0
83095.0
83095.0
83095.0
83096.0
83096.0
83096.0
83096.0
83096.0
83096.0
83096.0
83096.0
83096.0
83096.0
83096.0
83095.0
83095.0
83095.0
83095.0
83095.0
83095.0
83095.0
83095.0
83095.0
83095.0
83095.0
83095.0
83096.0
83096.0
83096.0
83096.0
83096.0
83096.0
83096.0
83096.0
83096.0
83096.0
83096.0
83096.0
83095.0
83095.0
83095.0
83095.0
83095.0
83095.0
83095.0
83095.0
83095.0
83095.0
83095.0
83095.0
83096.0
83096.0
83096.0
83096.0
83096.0
83097.0
83097.0
83097.0
83098.0
83098.0
83098.0
83099.0
83099.0
83099.0
83100.0
83100.0
83100.0
83101.0
83101.0
83101.0
83102.0
83102.0
83102.0
83102.0
83103.0
83103.0
83103.0
83104.0
83104.0
83105.0
83105.0
83105.0
83106.0
83106.0
83106.0
83106.0
83107.0
83107.0
83107.0
83107.0
83107.0
83107.0
83108.0
83108.0
83108.0
83108.0
83108.0
83107.0
83107.0
83107.0
83106.0
83106.0
83106.0
83105.0
83105.0
83104.0
83104.0
83104.0
83104.0
83103.0
83103.0
83103.0
83103.0
83103.0
83103.0
83103.0
83103.0
83103.0
83103.0
83103.0
83103.0
83103.0
83103.0
83103.0
83104.0
83104.0
83104.0
83104.0
83104.0
83105.0
83105.0
83105.0
83106.0
83106.0
83107.0
83107.0
83108.0
83109.0
83110.0
83110.0
83111.0
83112.0
83113.0
83114.0
83115.0
83117.0
83118.0
83119.0
83120.0
83122.0
83123.0
83124.0
83126.0
83127.0
83129.0
83130.0
83131.0
83133.0
83135.0
83136.0
83138.0
83139.0
83140.0
83142.0
83143.0
83145.0
83146.0
83147.0
83149.0
83150.0
83151.0
83152.0
83153.0
83154.0
83156.0
83157.0
83158.0
83159.0
83160.0
83161.0
83162.0
83163.0
83164.0
83164.0
83165.0
83166.0
83167.0
83167.0
83168.0
83169.0
83169.0
83170.0
83170.0
83171.0
83172.0
83172.0
83173.0
83173.0
83174.0
83174.0
83175.0
83175.0
83176.0
83176.0
83177.0
83177.0
83178.0
83179.0
83179.0
83180.0
83180.0
83181.0
83181.0
83181.0
83182.0
83182.0
83183.0
83183.0
83183.0
83183.0
83184.0
83184.0
83184.0
83184.0
83185.0
83185.0
83185.0
83185.0
83185.0
83185.0
83185.0
83185.0
83185.0
83185.0
83185.0
83185.0
83185.0
83184.0
83184.0
83184.0
83184.0
83183.0
83183.0
83183.0
83182.0
83182.0
83181.0
83181.0
83180.0
83180.0
83179.0
83179.0
83178.0
83178.0
83177.0
83176.0
83176.0
83175.0
83174.0
83173.0
83172.0
83172.0
83171.0
83170.0
83169.0
83168.0
83167.0
83166.0
83165.0
83165.0
83163.0
83162.0
83161.0
83160.0
83159.0
83158.0
83157.0
83156.0
83155.0
83154.0
83153.0
83152.0
83151.0
83150.0
83149.0
83148.0
83147.0
83146.0
83145.0
83144.0
83143.0
83142.0
83142.0
83141.0
83140.0
83139.0
83138.0
83137.0
83136.0
83136.0
83135.0
83134.0
83133.0
83133.0
83132.0
83131.0
83131.0
83130.0
83129.0
83129.0
83128.0
83128.0
83128.0
83127.0
83127.0
83127.0
83126.0
83126.0
83126.0
83126.0
83126.0
83126.0
83126.0
83126.0
83125.0
83125.0
83125.0
83125.0
83125.0
83125.0
83125.0
83125.0
83125.0
83125.0
83125.0
83125.0
83125.0
83125.0
83125.0
83125.0
83125.0
83125.0
83125.0
83125.0
83124.0
83124.0
83124.0
83124.0
83124.0
83124.0
83124.0
83123.0
83123.0
83123.0
83122.0
83122.0
83121.0
83120.0
83120.0
83119.0
83118.0
83117.0
83117.0
83116.0
83115.0
83114.0
83113.0
83112.0
83111.0
83111.0
83110.0
83109.0
83108.0
83107.0
83106.0
83105.0
83104.0
83103.0
83102.0
83101.0
83100.0
83099.0
83098.0
83097.0
83096.0
83095.0
83094.0
83093.0
83092.0
83091.0
83090.0
83089.0
83088.0
83087.0
83086.0
83086.0
83085.0
83084.0
83084.0
83084.0
83083.0
83083.0
83083.0
83083.0
83082.0
83082.0
83082.0
83082.0
83083.0
83083.0
83083.0
83083.0
83083.0
83084.0
83084.0
83084.0
83085.0
83085.0
83086.0
83086.0
83087.0
83088.0
83088.0
83089.0
83090.0
83091.0
83091.0
83092.0
83093.0
83094.0
83095.0
83096.0
83097.0
83098.0
83099.0
83100.0
83101.0
83102.0
83103.0
83104.0
83105.0
83106.0
83106.0
83107.0
83108.0
83109.0
83109.0
83110.0
83111.0
83111.0
83112.0
83113.0
83113.0
83114.0
83114.0
83115.0
83116.0
83116.0
83117.0
83117.0
83118.0
83118.0
83119.0
83119.0
83120.0
83121.0
83121.0
83122.0
83123.0
83123.0
83124.0
83124.0
83125.0
83126.0
83126.0
83127.0
83127.0
83128.0
83128.0
83129.0
83130.0
83130.0
83131.0
83132.0
83132.0
83133.0
83134.0
83134.0
83135.0
83136.0
83137.0
83138.0
83139.0
83140.0
83142.0
83143.0
83144.0
83146.0
83147.0
83149.0
83150.0
83152.0
83154.0
83155.0
83157.0
83159.0
83160.0
83162.0
83164.0
83166.0
83168.0
83170.0
83172.0
83174.0
83176.0
83178.0
83180.0
83182.0
83184.0
83186.0
83189.0
83191.0
83193.0
83195.0
83197.0
83199.0
83201.0
83202.0
83204.0
83205.0
83207.0
83208.0
83209.0
83210.0
83211.0
83212.0
83212.0
83213.0
83214.0
83214.0
83215.0
83215.0
83215.0
83215.0
83215.0
83215.0
83215.0
83215.0
83215.0
83215.0
83215.0
83215.0
83214.0
83214.0
83213.0
83213.0
83212.0
83211.0
83211.0
83210.0
83209.0
83208.0
83206.0
83205.0
83204.0
83203.0
83202.0
83201.0
83199.0
83198.0
83197.0
83196.0
83194.0
83193.0
83192.0
83191.0
83190.0
83189.0
83188.0
83187.0
83186.0
83185.0
83184.0
83183.0
83182.0
83181.0
83180.0
83179.0
83178.0
83177.0
83176.0
83175.0
83174.0
83173.0
83172.0
83171.0
83171.0
83170.0
83169.0
83168.0
83167.0
83166.0
83165.0
83164.0
83163.0
83162.0
83161.0
83160.0
83159.0
83158.0
83156.0
83155.0
83154.0
83153.0
83151.0
83150.0
83148.0
83147.0
83145.0
83144.0
83142.0
83141.0
83139.0
83138.0
83136.0
83135.0
83133.0
83132.0
83131.0
83130.0
83128.0
83127.0
83126.0
83125.0
83124.0
83123.0
83122.0
83120.0
83119.0
83118.0
83117.0
83116.0
83115.0
83114.0
83112.0
83111.0
83110.0
83109.0
83108.0
83107.0
83106.0
83105.0
83105.0
83104.0
83103.0
83103.0
83102.0
83102.0
83101.0
83101.0
83100.0
83100.0
83100.0
83100.0
83100.0
83100.0
83100.0
83100.0
83100.0
83100.0
83101.0
83101.0
83101.0
83101.0
83102.0
83102.0
83102.0
83103.0
83103.0
83104.0
83104.0
83104.0
83104.0
83105.0
83105.0
83105.0
83105.0
83105.0
83105.0
83106.0
83106.0
83106.0
83106.0
83106.0
83106.0
83107.0
83107.0
83107.0
83106.0
83106.0
83106.0
83105.0
83105.0
83104.0
83104.0
83103.0
83102.0
83102.0
83101.0
83100.0
83099.0
83098.0
83098.0
83097.0
83096.0
83095.0
83094.0
83093.0
83092.0
83091.0
83090.0
83089.0
83087.0
83086.0
83085.0
83084.0
83083.0
83082.0
83081.0
83080.0
83079.0
83078.0
83078.0
83077.0
83076.0
83076.0
83075.0
83075.0
83075.0
83075.0
83075.0
83075.0
83075.0
83075.0
83075.0
83076.0
83076.0
83076.0
83077.0
83078.0
83079.0
83080.0
83080.0
83081.0
83082.0
83083.0
83085.0
83086.0
83087.0
83088.0
83090.0
83091.0
83093.0
83094.0
83096.0
83097.0
83099.0
83100.0
83102.0
83103.0
83105.0
83107.0
83108.0
83110.0
83111.0
83113.0
83115.0
83116.0
83118.0
83119.0
83121.0
83123.0
83124.0
83126.0
83127.0
83128.0
83129.0
83130.0
83131.0
83132.0
83133.0
83134.0
83135.0
83136.0
83137.0
83137.0
83138.0
83139.0
83139.0
83140.0
83141.0
83142.0
83142.0
83143.0
83144.0
83145.0
83145.0
83146.0
83147.0
83147.0
83148.0
83149.0
83149.0
83150.0
83150.0
83151.0
83151.0
83152.0
83152.0
83152.0
83153.0
83153.0
83153.0
83154.0
83154.0
83155.0
83155.0
83156.0
83156.0
83156.0
83157.0
83157.0
83158.0
83158.0
83159.0
83159.0
83160.0
83160.0
83161.0
83161.0
83162.0
83163.0
83163.0
83164.0
83164.0
83165.0
83165.0
83166.0
83166.0
83167.0
83167.0
83167.0
83168.0
83168.0
83168.0
83168.0
83169.0
83169.0
83169.0
83169.0
83169.0
83169.0
83168.0
83168.0
83168.0
83168.0
83167.0
83167.0
83166.0
83166.0
83165.0
83164.0
83164.0
83163.0
83162.0
83160.0
83159.0
83158.0
83156.0
83155.0
83154.0
83152.0
83151.0
83149.0
83148.0
83147.0
83146.0
83144.0
83143.0
83142.0
83141.0
83139.0
83138.0
83137.0
83136.0
83135.0
83133.0
83132.0
83131.0
83130.0
83129.0
83128.0
83126.0
83125.0
83124.0
83123.0
83122.0
83121.0
83120.0
83119.0
83118.0
83117.0
83117.0
83116.0
83115.0
83115.0
83114.0
83114.0
83114.0
83113.0
83113.0
83113.0
83113.0
83112.0
83112.0
83112.0
83112.0
83112.0
83111.0
83111.0
83111.0
83111.0
83111.0
83111.0
83110.0
83110.0
83110.0
83110.0
83110.0
83110.0
83109.0
83109.0
83109.0
83109.0
83109.0
83109.0
83109.0
83109.0
83109.0
83108.0
83108.0
83108.0
83108.0
83108.0
83107.0
83107.0
83107.0
83107.0
83106.0
83106.0
83106.0
83105.0
83105.0
83104.0
83103.0
83103.0
83102.0
83101.0
83101.0
83100.0
83100.0
83099.0
83099.0
83098.0
83098.0
83097.0
83097.0
83097.0
83096.0
83096.0
83095.0
83095.0
83095.0
83094.0
83094.0
83094.0
83093.0
83093.0
83093.0
83092.0
83092.0
83091.0
83091.0
83090.0
83090.0
83089.0
83089.0
83088.0
83088.0
83088.0
83088.0
83088.0
83088.0
83088.0
83088.0
83088.0
83089.0
83089.0
83089.0
83089.0
83089.0
83089.0
83090.0
83090.0
83090.0
83091.0
83091.0
83091.0
83092.0
83092.0
83093.0
83093.0
83094.0
83094.0
83095.0
83095.0
83096.0
83096.0
83097.0
83097.0
83098.0
83098.0
83098.0
83099.0
83099.0
83099.0
83100.0
83100.0
83100.0
83100.0
83100.0
83101.0
83101.0
83101.0
83101.0
83101.0
83102.0
83102.0
83102.0
83102.0
83102.0
83101.0
83101.0
83101.0
83101.0
83100.0
83100.0
83100.0
83099.0
83099.0
83099.0
83098.0
83098.0
83098.0
83098.0
83098.0
83098.0
83098.0
83098.0
83098.0
83098.0
83098.0
83098.0
83099.0
83099.0
83099.0
83099.0
83099.0
83099.0
83100.0
83100.0
83100.0
83100.0
83100.0
83101.0
83101.0
83101.0
83102.0
83102.0
83103.0
83104.0
83104.0
83105.0
83105.0
83106.0
83107.0
83108.0
83109.0
83109.0
83110.0
83111.0
83112.0
83113.0
83114.0
83115.0
83116.0
83118.0
83119.0
83120.0
83121.0
83122.0
83124.0
83125.0
83126.0
83127.0
83129.0
83130.0
83131.0
83133.0
83134.0
83135.0
83137.0
83138.0
83139.0
83141.0
83142.0
83143.0
83144.0
83145.0
83146.0
83148.0
83149.0
83150.0
83150.0
83151.0
83152.0
83152.0
83153.0
83153.0
83153.0
83153.0
83154.0
83154.0
83154.0
83154.0
83154.0
83154.0
83154.0
83154.0
83154.0
83154.0
83154.0
83153.0
83153.0
83153.0
83153.0
83153.0
83153.0
83152.0
83152.0
83152.0
83151.0
83151.0
83150.0
83150.0
83149.0
83148.0
83148.0
83147.0
83146.0
83145.0
83144.0
83144.0
83143.0
83142.0
83141.0
83140.0
83139.0
83139.0
83138.0
83137.0
83136.0
83136.0
83135.0
83134.0
83133.0
83133.0
83132.0
83131.0
83131.0
83130.0
83129.0
83129.0
83128.0
83127.0
83127.0
83126.0
83125.0
83125.0
83124.0
83123.0
83123.0
83122.0
83122.0
83121.0
83120.0
83120.0
83120.0
83119.0
83119.0
83118.0
83118.0
83118.0
83117.0
83117.0
83117.0
83116.0
83116.0
83115.0
83115.0
83114.0
83113.0
83113.0
83112.0
83111.0
83110.0
83109.0
83108.0
83107.0
83106.0
83105.0
83105.0
83104.0
83103.0
83102.0
83101.0
83100.0
83099.0
83098.0
83098.0
83097.0
83096.0
83095.0
83095.0
83094.0
83093.0
83092.0
83091.0
83091.0
83090.0
83089.0
83088.0
83087.0
83086.0
83085.0
83084.0
83083.0
83081.0
83080.0
83079.0
83079.0
83078.0
83077.0
83076.0
83075.0
83075.0
83075.0
83074.0
83074.0
83074.0
83074.0
83073.0
83073.0
83073.0
83073.0
83073.0
83073.0
83073.0
83073.0
83073.0
83073.0
83073.0
83074.0
83074.0
83074.0
83074.0
83074.0
83075.0
83075.0
83076.0
83076.0
83077.0
83077.0
83078.0
83078.0
83079.0
83080.0
83080.0
83081.0
83081.0
83081.0
83082.0
83082.0
83082.0
83083.0
83083.0
83083.0
83083.0
83083.0
83083.0
83083.0
83082.0
83082.0
83082.0
83082.0
83081.0
83081.0
83081.0
83080.0
83080.0
83080.0
83079.0
83079.0
83078.0
83078.0
83078.0
83078.0
83078.0
83078.0
83078.0
83078.0
83079.0
83079.0
83080.0
83081.0
83082.0
83083.0
83084.0
83085.0
83087.0
83089.0
83091.0
83093.0
83095.0
83098.0
83101.0
83104.0
83107.0
83110.0
83113.0
83116.0
83119.0
83122.0
83126.0
83129.0
83132.0
83135.0
83137.0
83140.0
83143.0
83146.0
83148.0
83151.0
83154.0
83157.0
83159.0
83162.0
83165.0
83168.0
83170.0
83173.0
83175.0
83178.0
83180.0
83182.0
83184.0
83185.0
83187.0
83188.0
83189.0
83190.0
83191.0
83192.0
83192.0
83192.0
83192.0
83192.0
83192.0
83191.0
83191.0
83190.0
83190.0
83189.0
83188.0
83187.0
83186.0
83186.0
83185.0
83184.0
83183.0
83183.0
83183.0
83183.0
83183.0
83183.0
83183.0
83184.0
83184.0
83185.0
83185.0
83186.0
83186.0
83187.0
83187.0
83188.0
83188.0
83188.0
83189.0
83189.0
83189.0
83189.0
83188.0
83188.0
83188.0
83188.0
83188.0
83187.0
83188.0
83188.0
83188.0
83188.0
83188.0
83189.0
83189.0
83190.0
83190.0
83191.0
83191.0
83191.0
83191.0
83191.0
83190.0
83189.0
83188.0
83187.0
83185.0
83183.0
83181.0
83179.0
83176.0
83173.0
83171.0
83168.0
83165.0
83162.0
83159.0
83156.0
83153.0
83150.0
83147.0
83144.0
83142.0
83139.0
83137.0
83134.0
83132.0
83131.0
83129.0
83128.0
83127.0
83126.0
83125.0
83124.0
83124.0
83124.0
83124.0
83124.0
83124.0
83124.0
83124.0
83124.0
83124.0
83124.0
83124.0
83124.0
83125.0
83125.0
83125.0
83126.0
83126.0
83127.0
83127.0
83128.0
83129.0
83130.0
83130.0
83131.0
83132.0
83132.0
83132.0
83133.0
83133.0
83133.0
83133.0
83132.0
83131.0
83130.0
83129.0
83128.0
83127.0
83125.0
83124.0
83122.0
83120.0
83119.0
83117.0
83115.0
83114.0
83113.0
83112.0
83111.0
83110.0
83110.0
83110.0
83110.0
83110.0
83110.0
83111.0
83111.0
83112.0
83112.0
83113.0
83113.0
83114.0
83114.0
83115.0
83115.0
83115.0
83116.0
83116.0
83116.0
83116.0
83117.0
83117.0
83117.0
83117.0
83118.0
83118.0
83118.0
83119.0
83119.0
83120.0
83120.0
83120.0
83121.0
83121.0
83121.0
83121.0
83121.0
83121.0
83121.0
83121.0
83121.0
83121.0
83120.0
83120.0
83119.0
83119.0
83118.0
83118.0
83117.0
83117.0
83117.0
83116.0
83115.0
83115.0
83114.0
83113.0
83112.0
83111.0
83110.0
83109.0
83108.0
83107.0
83106.0
83104.0
83102.0
83101.0
83099.0
83096.0
83094.0
83091.0
83089.0
83086.0
83083.0
83081.0
83078.0
83075.0
83073.0
83070.0
83068.0
83066.0
83063.0
83061.0
83059.0
83057.0
83054.0
83052.0
83050.0
83047.0
83045.0
83043.0
83040.0
83038.0
83036.0
83033.0
83031.0
83029.0
83027.0
83025.0
83022.0
83020.0
83018.0
83016.0
83014.0
83012.0
83010.0
83008.0
83006.0
83004.0
83002.0
83000.0
82998.0
82996.0
82994.0
82992.0
82990.0
82988.0
82986.0
82984.0
82982.0
82981.0
82979.0
82978.0
82977.0
82976.0
82975.0
82974.0
82973.0
82973.0
82972.0
82971.0
82971.0
82970.0
82970.0
82969.0
82969.0
82969.0
82969.0
82969.0
82970.0
82971.0
82971.0
82973.0
82974.0
82976.0
82978.0
82980.0
82982.0
82984.0
82987.0
82990.0
82993.0
82996.0
82999.0
83002.0
83006.0
83009.0
83013.0
83016.0
83020.0
83024.0
83027.0
83031.0
83035.0
83038.0
83042.0
83046.0
83049.0
83053.0
83057.0
83060.0
83063.0
83067.0
83070.0
83073.0
83076.0
83078.0
83081.0
83084.0
83086.0
83088.0
83091.0
83093.0
83095.0
83097.0
83099.0
83100.0
83102.0
83103.0
83105.0
83106.0
83108.0
83109.0
83110.0
83112.0
83113.0
83114.0
83115.0
83117.0
83118.0
83119.0
83120.0
83121.0
83122.0
83122.0
83123.0
83124.0
83125.0
83126.0
83126.0
83127.0
83128.0
83129.0
83129.0
83129.0
83130.0
83130.0
83130.0
83131.0
83131.0
83131.0
83131.0
83131.0
83131.0
83131.0
83131.0
83131.0
83131.0
83130.0
83130.0
83130.0
83129.0
83128.0
83128.0
83127.0
83126.0
83125.0
83124.0
83123.0
83122.0
83121.0
83120.0
83120.0
83119.0
83118.0
83116.0
83115.0
83114.0
83113.0
83112.0
83111.0
83109.0
83108.0
83107.0
83105.0
83104.0
83102.0
83101.0
83099.0
83098.0
83096.0
83094.0
83092.0
83090.0
83088.0
83086.0
83085.0
83083.0
83081.0
83079.0
83077.0
83076.0
83074.0
83072.0
83071.0
83069.0
83068.0
83066.0
83065.0
83064.0
83063.0
83061.0
83060.0
83059.0
83058.0
83056.0
83055.0
83054.0
83053.0
83051.0
83050.0
83049.0
83047.0
83046.0
83045.0
83043.0
83042.0
83041.0
83040.0
83039.0
83038.0
83037.0
83036.0
83035.0
83034.0
83033.0
83032.0
83031.0
83030.0
83030.0
83029.0
83028.0
83028.0
83027.0
83027.0
83027.0
83026.0
83026.0
83026.0
83026.0
83025.0
83025.0
83025.0
83025.0
83025.0
83025.0
83025.0
83025.0
83025.0
83025.0
83025.0
83025.0
83025.0
83025.0
83025.0
83025.0
83025.0
83025.0
83025.0
83024.0
83024.0
83024.0
83024.0
83024.0
83023.0
83023.0
83023.0
83022.0
83022.0
83021.0
83021.0
83020.0
83020.0
83019.0
83019.0
83018.0
83017.0
83017.0
83016.0
83015.0
83014.0
83014.0
83013.0
83012.0
83011.0
83010.0
83009.0
83008.0
83007.0
83006.0
83005.0
83004.0
83003.0
83002.0
83001.0
83000.0
82999.0
82998.0
82998.0
82997.0
82996.0
82996.0
82995.0
82994.0
82994.0
82993.0
82992.0
82992.0
82991.0
82991.0
82991.0
82990.0
82990.0
82989.0
82989.0
82989.0
82989.0
82988.0
82988.0
82988.0
82987.0
82987.0
82987.0
82987.0
82987.0
82986.0
82986.0
82986.0
82986.0
82986.0
82986.0
82986.0
82986.0
82986.0
82986.0
82986.0
82987.0
82987.0
82987.0
82988.0
82988.0
82989.0
82989.0
82990.0
82990.0
82991.0
82991.0
82992.0
82992.0
82992.0
82992.0
82992.0
82993.0
82993.0
82993.0
82993.0
82993.0
82994.0
82994.0
82994.0
82994.0
82995.0
82995.0
82995.0
82996.0
82996.0
82996.0
82997.0
82997.0
82997.0
82997.0
82997.0
82997.0
82997.0
82997.0
82997.0
82997.0
82997.0
82997.0
82997.0
82997.0
82997.0
82997.0
82997.0
82998.0
82998.0
82998.0
82998.0
82998.0
82999.0
82999.0
82999.0
82999.0
82999.0
82999.0
82999.0
82999.0
82999.0
82999.0
83000.0
83000.0
83000.0
83000.0
83001.0
83001.0
83001.0
83002.0
83002.0
83002.0
83003.0
83003.0
83003.0
83004.0
83004.0
83004.0
83005.0
83005.0
83006.0
83006.0
83007.0
83007.0
83008.0
83008.0
83009.0
83009.0
83010.0
83011.0
83011.0
83012.0
83012.0
83013.0
83013.0
83014.0
83014.0
83015.0
83016.0
83016.0
83017.0
83017.0
83018.0
83018.0
83019.0
83019.0
83020.0
83021.0
83021.0
83022.0
83022.0
83023.0
83024.0
83024.0
83025.0
83025.0
83025.0
83026.0
83026.0
83027.0
83027.0
83028.0
83028.0
83028.0
83029.0
83029.0
83029.0
83029.0
83029.0
83029.0
83029.0
83029.0
83029.0
83029.0
83028.0
83028.0
83027.0
83027.0
83027.0
83026.0
83025.0
83025.0
83024.0
83023.0
83022.0
83022.0
83021.0
83020.0
83019.0
83018.0
83017.0
83016.0
83015.0
83014.0
83013.0
83012.0
83011.0
83010.0
83009.0
83008.0
83007.0
83006.0
83005.0
83004.0
83003.0
83002.0
83001.0
83001.0
83000.0
82999.0
82998.0
82997.0
82996.0
82995.0
82994.0
82993.0
82992.0
82991.0
82990.0
82989.0
82988.0
82987.0
82986.0
82985.0
82985.0
82983.0
82982.0
82981.0
82980.0
82979.0
82978.0
82977.0
82975.0
82974.0
82973.0
82971.0
82970.0
82969.0
82967.0
82966.0
82965.0
82964.0
82962.0
82961.0
82960.0
82959.0
82958.0
82957.0
82956.0
82955.0
82954.0
82954.0
82953.0
82952.0
82951.0
82950.0
82949.0
82949.0
82948.0
82947.0
82946.0
82946.0
82945.0
82945.0
82944.0
82944.0
82943.0
82943.0
82943.0
82943.0
82942.0
82942.0
82942.0
82942.0
82942.0
82941.0
82941.0
82941.0
82941.0
82941.0
82941.0
82941.0
82941.0
82941.0
82941.0
82941.0
82941.0
82941.0
82941.0
82941.0
82941.0
82941.0
82942.0
82942.0
82942.0
82942.0
82942.0
82942.0
82942.0
82942.0
82942.0
82942.0
82942.0
82942.0
82941.0
82941.0
82941.0
82941.0
82941.0
82940.0
82940.0
82940.0
82939.0
82939.0
82939.0
82938.0
82938.0
82937.0
82936.0
82936.0
82935.0
82934.0
82933.0
82932.0
82931.0
82929.0
82928.0
82927.0
82925.0
82924.0
82922.0
82921.0
82920.0
82918.0
82917.0
82915.0
82914.0
82912.0
82911.0
82910.0
82908.0
82907.0
82905.0
82904.0
82903.0
82901.0
82900.0
82898.0
82897.0
82896.0
82894.0
82893.0
82892.0
82891.0
82890.0
82889.0
82888.0
82887.0
82886.0
82886.0
82885.0
82884.0
82884.0
82883.0
82883.0
82883.0
82882.0
82882.0
82882.0
82882.0
82882.0
82882.0
82882.0
82882.0
82882.0
82882.0
82882.0
82882.0
82882.0
82883.0
82883.0
82884.0
82884.0
82885.0
82885.0
82886.0
82886.0
82887.0
82887.0
82888.0
82888.0
82889.0
82889.0
82890.0
82890.0
82891.0
82891.0
82892.0
82893.0
82893.0
82894.0
82895.0
82896.0
82897.0
82898.0
82899.0
82900.0
82901.0
82902.0
82903.0
82904.0
82905.0
82905.0
82906.0
82907.0
82907.0
82908.0
82908.0
82909.0
82909.0
82910.0
82911.0
82912.0
82912.0
82913.0
82914.0
82915.0
82916.0
82918.0
82919.0
82920.0
82922.0
82923.0
82925.0
82926.0
82927.0
82929.0
82930.0
82931.0
82933.0
82934.0
82935.0
82936.0
82937.0
82938.0
82939.0
82940.0
82941.0
82942.0
82943.0
82944.0
82945.0
82946.0
82947.0
82948.0
82949.0
82950.0
82951.0
82952.0
82953.0
82954.0
82955.0
82956.0
82958.0
82959.0
82960.0
82961.0
82963.0
82964.0
82965.0
82966.0
82967.0
82969.0
82970.0
82971.0
82972.0
82973.0
82974.0
82975.0
82976.0
82977.0
82978.0
82980.0
82981.0
82982.0
82983.0
82984.0
82985.0
82986.0
82987.0
82988.0
82988.0
82989.0
82990.0
82991.0
82991.0
82992.0
82992.0
82993.0
82993.0
82993.0
82993.0
82994.0
82994.0
82994.0
82995.0
82995.0
82995.0
82996.0
82996.0
82996.0
82996.0
82996.0
82997.0
82997.0
82997.0
82998.0
82998.0
82998.0
82998.0
82999.0
82999.0
82999.0
82999.0
82999.0
82999.0
82999.0
82999.0
82998.0
82998.0
82998.0
82998.0
82997.0
82997.0
82997.0
82996.0
82996.0
82996.0
82996.0
82995.0
82995.0
82995.0
82995.0
82994.0
82994.0
82994.0
82993.0
82993.0
82993.0
82992.0
82991.0
82991.0
82990.0
82990.0
82989.0
82989.0
82988.0
82987.0
82987.0
82986.0
82986.0
82985.0
82984.0
82984.0
82983.0
82982.0
82982.0
82981.0
82981.0
82981.0
82980.0
82980.0
82980.0
82980.0
82980.0
82980.0
82981.0
82981.0
82981.0
82982.0
82982.0
82983.0
82984.0
82985.0
82986.0
82987.0
82988.0
82989.0
82990.0
82991.0
82992.0
82994.0
82995.0
82996.0
82997.0
82998.0
82999.0
82999.0
83000.0
83000.0
83000.0
83000.0
83000.0
83000.0
82999.0
82999.0
82998.0
82998.0
82997.0
82996.0
82996.0
82995.0
82994.0
82993.0
82993.0
82992.0
82991.0
82990.0
82989.0
82987.0
82986.0
82984.0
82982.0
82980.0
82978.0
82976.0
82974.0
82972.0
82969.0
82967.0
82965.0
82963.0
82962.0
82960.0
82959.0
82957.0
82956.0
82955.0
82954.0
82953.0
82951.0
82950.0
82949.0
82949.0
82948.0
82947.0
82946.0
82945.0
82944.0
82942.0
82941.0
82940.0
82939.0
82938.0
82936.0
82935.0
82934.0
82932.0
82931.0
82929.0
82928.0
82926.0
82924.0
82923.0
82921.0
82919.0
82916.0
82914.0
82912.0
82909.0
82906.0
82902.0
82899.0
82895.0
82891.0
82887.0
82882.0
82878.0
82873.0
82868.0
82864.0
82859.0
82855.0
82851.0
82848.0
82845.0
82842.0
82840.0
82838.0
82836.0
82835.0
82834.0
82834.0
82834.0
82834.0
82835.0
82836.0
82838.0
82840.0
82842.0
82845.0
82847.0
82850.0
82853.0
82856.0
82859.0
82862.0
82865.0
82868.0
82872.0
82875.0
82879.0
82883.0
82886.0
82890.0
82894.0
82897.0
82901.0
82905.0
82908.0
82912.0
82916.0
82919.0
82923.0
82927.0
82931.0
82935.0
82939.0
82944.0
82948.0
82953.0
82958.0
82964.0
82969.0
82975.0
82981.0
82987.0
82993.0
83000.0
83006.0
83012.0
83018.0
83024.0
83030.0
83036.0
83042.0
83047.0
83053.0
83059.0
83064.0
83069.0
83074.0
83079.0
83083.0
83088.0
83092.0
83095.0
83098.0
83101.0
83103.0
83105.0
83107.0
83107.0
83108.0
83108.0
83107.0
83106.0
83105.0
83103.0
83101.0
83099.0
83096.0
83094.0
83091.0
83089.0
83086.0
83084.0
83081.0
83079.0
83077.0
83075.0
83073.0
83071.0
83070.0
83069.0
83067.0
83066.0
83065.0
83064.0
83063.0
83062.0
83061.0
83060.0
83060.0
83059.0
83058.0
83057.0
83056.0
83055.0
83054.0
83054.0
83053.0
83052.0
83052.0
83052.0
83051.0
83052.0
83052.0
83052.0
83053.0
83054.0
83055.0
83056.0
83057.0
83059.0
83060.0
83062.0
83064.0
83066.0
83068.0
83070.0
83071.0
83073.0
83075.0
83077.0
83078.0
83080.0
83081.0
